0 0 0 0 0 0 0 0 0 0 0 
0 0 1.0677 2.3162 0 0 0 0 0 0 0 
0 1.0677 0 3.2241 9.6632 0 4.6018 5.474 0 0 0 
0 2.3162 3.2241 0 1.6142 2.0826 8.5606 0 0 0 0 
0 0 9.6632 1.6142 0 0 6.7931 0 4.2344 0 0 
0 0 0 2.0826 0 0 0 0 0 3.2304 0 
0 0 4.6018 8.5606 6.7931 0 0 0 6.0667 0 7.6061 
0 0 5.474 0 0 0 0 0 0 0 0 
0 0 0 0 4.2344 0 6.0667 0 0 5.4415 0 
0 0 0 0 0 3.2304 0 0 5.4415 0 0 
0 0 0 0 0 0 7.6061 0 0 0 0 
