0 0 0 0 0 0 0 0 0 0 0 
0 0 1.9569 2.4407 0 0 0 0 0 0 0 
0 1.9569 0 3.1565 9.962 0 4.4929 5.9273 0 0 0 
0 2.4407 3.1565 0 1.0206 2.1853 8.4768 0 0 0 0 
0 0 9.962 1.0206 0 0 6.4616 0 4.5951 0 0 
0 0 0 2.1853 0 0 0 0 0 3.5711 0 
0 0 4.4929 8.4768 6.4616 0 0 0 6.4681 0 7.1275 
0 0 5.9273 0 0 0 0 0 0 0 0 
0 0 0 0 4.5951 0 6.4681 0 0 5.5044 0 
0 0 0 0 0 3.5711 0 0 5.5044 0 0 
0 0 0 0 0 0 7.1275 0 0 0 0 
