0 0 0 0 0 0 0 0 0 0 0 
0 0 1.459 2.5454 0 0 0 0 0 0 0 
0 1.459 0 3.3393 9.7334 0 4.8299 5.7815 0 0 0 
0 2.5454 3.3393 0 1.1218 2.8881 8.1737 0 0 0 0 
0 0 9.7334 1.1218 0 0 6.55 0 4.4424 0 0 
0 0 0 2.8881 0 0 0 0 0 3.6722 0 
0 0 4.8299 8.1737 6.55 0 0 0 6.8086 0 7.6661 
0 0 5.7815 0 0 0 0 0 0 0 0 
0 0 0 0 4.4424 0 6.8086 0 0 5.889 0 
0 0 0 0 0 3.6722 0 0 5.889 0 0 
0 0 0 0 0 0 7.6661 0 0 0 0 
