0 0 0 0 0 0 0 0 0 0 0 
0 0 1.8141 2.5422 0 0 0 0 0 0 0 
0 1.8141 0 3.286 9.3493 0 4.6247 5.2496 0 0 0 
0 2.5422 3.286 0 1.1719 2.7342 8.6054 0 0 0 0 
0 0 9.3493 1.1719 0 0 6.3796 0 4.4274 0 0 
0 0 0 2.7342 0 0 0 0 0 3.1197 0 
0 0 4.6247 8.6054 6.3796 0 0 0 6.3985 0 7.1419 
0 0 5.2496 0 0 0 0 0 0 0 0 
0 0 0 0 4.4274 0 6.3985 0 0 5.2036 0 
0 0 0 0 0 3.1197 0 0 5.2036 0 0 
0 0 0 0 0 0 7.1419 0 0 0 0 
