0 0 0 0 0 0 0 0 0 0 0 
0 0 1.0467 2.5294 0 0 0 0 0 0 0 
0 1.0467 0 3.2015 9.7591 0 4.568 5.8389 0 0 0 
0 2.5294 3.2015 0 1.1707 2.1786 8.6133 0 0 0 0 
0 0 9.7591 1.1707 0 0 6.6703 0 4.4496 0 0 
0 0 0 2.1786 0 0 0 0 0 3.094 0 
0 0 4.568 8.6133 6.6703 0 0 0 6.7423 0 7.5373 
0 0 5.8389 0 0 0 0 0 0 0 0 
0 0 0 0 4.4496 0 6.7423 0 0 5.7679 0 
0 0 0 0 0 3.094 0 0 5.7679 0 0 
0 0 0 0 0 0 7.5373 0 0 0 0 
