0 0 0 0 0 0 0 0 0 0 0 
0 0 1.5919 2.5124 0 0 0 0 0 0 0 
0 1.5919 0 3.6834 9.8517 0 4.3709 5.5979 0 0 0 
0 2.5124 3.6834 0 1.1217 2.9352 8.7299 0 0 0 0 
0 0 9.8517 1.1217 0 0 6.2308 0 4.7003 0 0 
0 0 0 2.9352 0 0 0 0 0 3.4122 0 
0 0 4.3709 8.7299 6.2308 0 0 0 6.3925 0 7.2987 
0 0 5.5979 0 0 0 0 0 0 0 0 
0 0 0 0 4.7003 0 6.3925 0 0 5.4798 0 
0 0 0 0 0 3.4122 0 0 5.4798 0 0 
0 0 0 0 0 0 7.2987 0 0 0 0 
