0 0 0 0 0 0 0 0 0 0 0 
0 0 1.4698 2.877 0 0 0 0 0 0 0 
0 1.4698 0 3.2213 9.1824 0 4.8342 5.1113 0 0 0 
0 2.877 3.2213 0 1.7761 2.7419 8.3819 0 0 0 0 
0 0 9.1824 1.7761 0 0 6.0326 0 4.0157 0 0 
0 0 0 2.7419 0 0 0 0 0 3.9875 0 
0 0 4.8342 8.3819 6.0326 0 0 0 6.7387 0 7.5527 
0 0 5.1113 0 0 0 0 0 0 0 0 
0 0 0 0 4.0157 0 6.7387 0 0 5.9243 0 
0 0 0 0 0 3.9875 0 0 5.9243 0 0 
0 0 0 0 0 0 7.5527 0 0 0 0 
