0 0 0 0 0 0 0 0 0 0 0 
0 0 1.7477 2.9578 0 0 0 0 0 0 0 
0 1.7477 0 3.8507 9.8781 0 4.169 5.1122 0 0 0 
0 2.9578 3.8507 0 1.1977 2.3414 8.6052 0 0 0 0 
0 0 9.8781 1.1977 0 0 6.4367 0 4.0259 0 0 
0 0 0 2.3414 0 0 0 0 0 3.4309 0 
0 0 4.169 8.6052 6.4367 0 0 0 6.1289 0 7.2297 
0 0 5.1122 0 0 0 0 0 0 0 0 
0 0 0 0 4.0259 0 6.1289 0 0 5.0501 0 
0 0 0 0 0 3.4309 0 0 5.0501 0 0 
0 0 0 0 0 0 7.2297 0 0 0 0 
