0 0 0 0 0 0 0 0 0 0 0 
0 0 1.6766 2.9313 0 0 0 0 0 0 0 
0 1.6766 0 3.3403 9.6753 0 4.7362 5.3003 0 0 0 
0 2.9313 3.3403 0 1.2938 2.6623 8.2259 0 0 0 0 
0 0 9.6753 1.2938 0 0 6.358 0 4.2004 0 0 
0 0 0 2.6623 0 0 0 0 0 3.4943 0 
0 0 4.7362 8.2259 6.358 0 0 0 6.1699 0 7.412 
0 0 5.3003 0 0 0 0 0 0 0 0 
0 0 0 0 4.2004 0 6.1699 0 0 5.4465 0 
0 0 0 0 0 3.4943 0 0 5.4465 0 0 
0 0 0 0 0 0 7.412 0 0 0 0 
