0 0 0 0 0 0 0 0 0 0 0 
0 0 1.5699 2.23 0 0 0 0 0 0 0 
0 1.5699 0 3.465 9.8008 0 4.0837 5.9748 0 0 0 
0 2.23 3.465 0 1.3416 2.5237 8.2302 0 0 0 0 
0 0 9.8008 1.3416 0 0 6.1638 0 4.1496 0 0 
0 0 0 2.5237 0 0 0 0 0 3.5197 0 
0 0 4.0837 8.2302 6.1638 0 0 0 6.8027 0 7.2963 
0 0 5.9748 0 0 0 0 0 0 0 0 
0 0 0 0 4.1496 0 6.8027 0 0 5.1889 0 
0 0 0 0 0 3.5197 0 0 5.1889 0 0 
0 0 0 0 0 0 7.2963 0 0 0 0 
