0 0 0 0 0 0 0 0 0 0 0 
0 0 1.7465 2.9479 0 0 0 0 0 0 0 
0 1.7465 0 3.8248 9.9528 0 4.4319 5.7707 0 0 0 
0 2.9479 3.8248 0 1.9125 2.012 8.4861 0 0 0 0 
0 0 9.9528 1.9125 0 0 6.5206 0 4.6706 0 0 
0 0 0 2.012 0 0 0 0 0 3.0651 0 
0 0 4.4319 8.4861 6.5206 0 0 0 6.9626 0 7.9328 
0 0 5.7707 0 0 0 0 0 0 0 0 
0 0 0 0 4.6706 0 6.9626 0 0 5.0681 0 
0 0 0 0 0 3.0651 0 0 5.0681 0 0 
0 0 0 0 0 0 7.9328 0 0 0 0 
