0 0 0 0 0 0 0 0 0 0 0 
0 0 1.6276 2.3311 0 0 0 0 0 0 0 
0 1.6276 0 3.1441 9.0931 0 4.2646 5.6443 0 0 0 
0 2.3311 3.1441 0 1.1503 2.8377 8.3126 0 0 0 0 
0 0 9.0931 1.1503 0 0 6.373 0 4.2454 0 0 
0 0 0 2.8377 0 0 0 0 0 3.4254 0 
0 0 4.2646 8.3126 6.373 0 0 0 6.3445 0 7.5922 
0 0 5.6443 0 0 0 0 0 0 0 0 
0 0 0 0 4.2454 0 6.3445 0 0 5.9099 0 
0 0 0 0 0 3.4254 0 0 5.9099 0 0 
0 0 0 0 0 0 7.5922 0 0 0 0 
