0 0 0 0 0 0 0 0 0 0 0 
0 0 1.6528 2.1622 0 0 0 0 0 0 0 
0 1.6528 0 3.1101 9.0598 0 4.8085 5.7343 0 0 0 
0 2.1622 3.1101 0 1.0498 2.7547 8.6782 0 0 0 0 
0 0 9.0598 1.0498 0 0 6.9347 0 4.9989 0 0 
0 0 0 2.7547 0 0 0 0 0 3.5327 0 
0 0 4.8085 8.6782 6.9347 0 0 0 6.8565 0 7.5388 
0 0 5.7343 0 0 0 0 0 0 0 0 
0 0 0 0 4.9989 0 6.8565 0 0 5.6736 0 
0 0 0 0 0 3.5327 0 0 5.6736 0 0 
0 0 0 0 0 0 7.5388 0 0 0 0 
