0 0 0 0 0 0 0 0 0 0 0 
0 0 1.7917 2.5618 0 0 0 0 0 0 0 
0 1.7917 0 3.1827 9.4259 0 4.4983 5.5269 0 0 0 
0 2.5618 3.1827 0 1.5744 2.0767 8.2537 0 0 0 0 
0 0 9.4259 1.5744 0 0 6.6958 0 4.0513 0 0 
0 0 0 2.0767 0 0 0 0 0 3.684 0 
0 0 4.4983 8.2537 6.6958 0 0 0 6.3489 0 7.5866 
0 0 5.5269 0 0 0 0 0 0 0 0 
0 0 0 0 4.0513 0 6.3489 0 0 5.7561 0 
0 0 0 0 0 3.684 0 0 5.7561 0 0 
0 0 0 0 0 0 7.5866 0 0 0 0 
