0 0 0 0 0 0 0 0 0 0 0 
0 0 1.8065 2.1919 0 0 0 0 0 0 0 
0 1.8065 0 3.5459 9.1653 0 4.1711 5.9715 0 0 0 
0 2.1919 3.5459 0 1.3245 2.0959 8.1258 0 0 0 0 
0 0 9.1653 1.3245 0 0 6.8982 0 4.2091 0 0 
0 0 0 2.0959 0 0 0 0 0 3.0044 0 
0 0 4.1711 8.1258 6.8982 0 0 0 6.3415 0 7.1226 
0 0 5.9715 0 0 0 0 0 0 0 0 
0 0 0 0 4.2091 0 6.3415 0 0 5.4182 0 
0 0 0 0 0 3.0044 0 0 5.4182 0 0 
0 0 0 0 0 0 7.1226 0 0 0 0 
