0 0 0 0 0 0 0 0 0 0 0 
0 0 1.169 2.8054 0 0 0 0 0 0 0 
0 1.169 0 3.4117 9.694 0 4.7054 5.7508 0 0 0 
0 2.8054 3.4117 0 1.7289 2.7022 8.5004 0 0 0 0 
0 0 9.694 1.7289 0 0 6.1463 0 4.1463 0 0 
0 0 0 2.7022 0 0 0 0 0 3.3233 0 
0 0 4.7054 8.5004 6.1463 0 0 0 6.4934 0 7.5732 
0 0 5.7508 0 0 0 0 0 0 0 0 
0 0 0 0 4.1463 0 6.4934 0 0 5.4669 0 
0 0 0 0 0 3.3233 0 0 5.4669 0 0 
0 0 0 0 0 0 7.5732 0 0 0 0 
