0 0 0 0 0 0 0 0 0 0 0 
0 0 1.905 2.1733 0 0 0 0 0 0 0 
0 1.905 0 3.6551 9.3325 0 4.6969 5.8877 0 0 0 
0 2.1733 3.6551 0 1.359 2.6497 8.3497 0 0 0 0 
0 0 9.3325 1.359 0 0 6.775 0 4.0385 0 0 
0 0 0 2.6497 0 0 0 0 0 3.5701 0 
0 0 4.6969 8.3497 6.775 0 0 0 6.2326 0 7.0722 
0 0 5.8877 0 0 0 0 0 0 0 0 
0 0 0 0 4.0385 0 6.2326 0 0 5.106 0 
0 0 0 0 0 3.5701 0 0 5.106 0 0 
0 0 0 0 0 0 7.0722 0 0 0 0 
