0 0 0 0 0 0 0 0 0 0 0 
0 0 1.4927 2.991 0 0 0 0 0 0 0 
0 1.4927 0 3.5633 9.0971 0 4.7445 5.0111 0 0 0 
0 2.991 3.5633 0 1.7663 2.3933 8.206 0 0 0 0 
0 0 9.0971 1.7663 0 0 6.8275 0 4.9571 0 0 
0 0 0 2.3933 0 0 0 0 0 3.0473 0 
0 0 4.7445 8.206 6.8275 0 0 0 6.8109 0 7.7617 
0 0 5.0111 0 0 0 0 0 0 0 0 
0 0 0 0 4.9571 0 6.8109 0 0 5.8373 0 
0 0 0 0 0 3.0473 0 0 5.8373 0 0 
0 0 0 0 0 0 7.7617 0 0 0 0 
