0 0 0 0 0 0 0 0 0 0 0 
0 0 1.4594 2.771 0 0 0 0 0 0 0 
0 1.4594 0 3.5924 9.2469 0 4.1096 5.4975 0 0 0 
0 2.771 3.5924 0 1.3243 2.6925 8.7424 0 0 0 0 
0 0 9.2469 1.3243 0 0 6.9615 0 4.7217 0 0 
0 0 0 2.6925 0 0 0 0 0 3.6096 0 
0 0 4.1096 8.7424 6.9615 0 0 0 6.7705 0 7.7021 
0 0 5.4975 0 0 0 0 0 0 0 0 
0 0 0 0 4.7217 0 6.7705 0 0 5.967 0 
0 0 0 0 0 3.6096 0 0 5.967 0 0 
0 0 0 0 0 0 7.7021 0 0 0 0 
