0 0 0 0 0 0 0 0 0 0 0 
0 0 1.167 2.833 0 0 0 0 0 0 0 
0 1.167 0 3.8765 9.313 0 4.8026 5.3975 0 0 0 
0 2.833 3.8765 0 1.2564 2.6715 8.5323 0 0 0 0 
0 0 9.313 1.2564 0 0 6.7532 0 4.62 0 0 
0 0 0 2.6715 0 0 0 0 0 3.8839 0 
0 0 4.8026 8.5323 6.7532 0 0 0 6.3423 0 7.7308 
0 0 5.3975 0 0 0 0 0 0 0 0 
0 0 0 0 4.62 0 6.3423 0 0 5.6946 0 
0 0 0 0 0 3.8839 0 0 5.6946 0 0 
0 0 0 0 0 0 7.7308 0 0 0 0 
