0 0 0 0 0 0 0 0 0 0 0 
0 0 1.5468 2.0366 0 0 0 0 0 0 0 
0 1.5468 0 3.5233 9.1548 0 4.4599 5.8102 0 0 0 
0 2.0366 3.5233 0 1.5434 2.3486 8.012 0 0 0 0 
0 0 9.1548 1.5434 0 0 6.1554 0 4.1539 0 0 
0 0 0 2.3486 0 0 0 0 0 3.5453 0 
0 0 4.4599 8.012 6.1554 0 0 0 6.2331 0 7.1407 
0 0 5.8102 0 0 0 0 0 0 0 0 
0 0 0 0 4.1539 0 6.2331 0 0 5.7917 0 
0 0 0 0 0 3.5453 0 0 5.7917 0 0 
0 0 0 0 0 0 7.1407 0 0 0 0 
