0 0 0 0 0 0 0 0 0 0 0 
0 0 1.5331 2.6004 0 0 0 0 0 0 0 
0 1.5331 0 3.5117 9.5912 0 4.6247 5.6245 0 0 0 
0 2.6004 3.5117 0 1.7809 2.6237 8.9511 0 0 0 0 
0 0 9.5912 1.7809 0 0 6.5416 0 4.9315 0 0 
0 0 0 2.6237 0 0 0 0 0 3.0713 0 
0 0 4.6247 8.9511 6.5416 0 0 0 6.7412 0 7.0622 
0 0 5.6245 0 0 0 0 0 0 0 0 
0 0 0 0 4.9315 0 6.7412 0 0 5.7782 0 
0 0 0 0 0 3.0713 0 0 5.7782 0 0 
0 0 0 0 0 0 7.0622 0 0 0 0 
