0 0 0 0 0 0 0 0 0 0 0 
0 0 1.4559 2.0968 0 0 0 0 0 0 0 
0 1.4559 0 3.3507 9.5104 0 4.9794 5.4047 0 0 0 
0 2.0968 3.3507 0 1.6794 2.7097 8.8799 0 0 0 0 
0 0 9.5104 1.6794 0 0 6.2884 0 4.845 0 0 
0 0 0 2.7097 0 0 0 0 0 3.361 0 
0 0 4.9794 8.8799 6.2884 0 0 0 6.5315 0 7.2797 
0 0 5.4047 0 0 0 0 0 0 0 0 
0 0 0 0 4.845 0 6.5315 0 0 5.0224 0 
0 0 0 0 0 3.361 0 0 5.0224 0 0 
0 0 0 0 0 0 7.2797 0 0 0 0 
