0 0 0 0 0 0 0 0 0 0 0 
0 0 1.1845 2.5979 0 0 0 0 0 0 0 
0 1.1845 0 3.6025 9.1828 0 4.5802 5.252 0 0 0 
0 2.5979 3.6025 0 1.6251 2.2009 8.8166 0 0 0 0 
0 0 9.1828 1.6251 0 0 6.9597 0 4.7099 0 0 
0 0 0 2.2009 0 0 0 0 0 3.3789 0 
0 0 4.5802 8.8166 6.9597 0 0 0 6.9992 0 7.3029 
0 0 5.252 0 0 0 0 0 0 0 0 
0 0 0 0 4.7099 0 6.9992 0 0 5.9668 0 
0 0 0 0 0 3.3789 0 0 5.9668 0 0 
0 0 0 0 0 0 7.3029 0 0 0 0 
