0 0 0 0 0 0 0 0 0 0 0 
0 0 1.8656 2.2338 0 0 0 0 0 0 0 
0 1.8656 0 3.1107 9.0591 0 4.3285 5.4108 0 0 0 
0 2.2338 3.1107 0 1.7238 2.6462 8.9043 0 0 0 0 
0 0 9.0591 1.7238 0 0 6.4043 0 4.137 0 0 
0 0 0 2.6462 0 0 0 0 0 3.908 0 
0 0 4.3285 8.9043 6.4043 0 0 0 6.8539 0 7.4243 
0 0 5.4108 0 0 0 0 0 0 0 0 
0 0 0 0 4.137 0 6.8539 0 0 5.753 0 
0 0 0 0 0 3.908 0 0 5.753 0 0 
0 0 0 0 0 0 7.4243 0 0 0 0 
