0 0 0 0 0 0 0 0 0 0 0 
0 0 1.1008 2.1136 0 0 0 0 0 0 0 
0 1.1008 0 3.2186 9.3742 0 4.3901 5.129 0 0 0 
0 2.1136 3.2186 0 1.0435 2.1513 8.5247 0 0 0 0 
0 0 9.3742 1.0435 0 0 6.2695 0 4.9486 0 0 
0 0 0 2.1513 0 0 0 0 0 3.8287 0 
0 0 4.3901 8.5247 6.2695 0 0 0 6.1227 0 7.5492 
0 0 5.129 0 0 0 0 0 0 0 0 
0 0 0 0 4.9486 0 6.1227 0 0 5.4448 0 
0 0 0 0 0 3.8287 0 0 5.4448 0 0 
0 0 0 0 0 0 7.5492 0 0 0 0 
