0 0 0 0 0 0 0 0 0 0 0 
0 0 1.9344 2.9558 0 0 0 0 0 0 0 
0 1.9344 0 3.8208 9.643 0 4.2133 5.2957 0 0 0 
0 2.9558 3.8208 0 1.9052 2.391 8.8536 0 0 0 0 
0 0 9.643 1.9052 0 0 6.5132 0 4.6993 0 0 
0 0 0 2.391 0 0 0 0 0 3.9153 0 
0 0 4.2133 8.8536 6.5132 0 0 0 6.2666 0 7.9699 
0 0 5.2957 0 0 0 0 0 0 0 0 
0 0 0 0 4.6993 0 6.2666 0 0 5.2928 0 
0 0 0 0 0 3.9153 0 0 5.2928 0 0 
0 0 0 0 0 0 7.9699 0 0 0 0 
