0 0 0 0 0 0 0 0 0 0 0 
0 0 1.4507 2.4429 0 0 0 0 0 0 0 
0 1.4507 0 3.4265 9.3556 0 4.5998 5.5537 0 0 0 
0 2.4429 3.4265 0 1.5581 2.8281 8.4457 0 0 0 0 
0 0 9.3556 1.5581 0 0 6.1569 0 4.77 0 0 
0 0 0 2.8281 0 0 0 0 0 3.4848 0 
0 0 4.5998 8.4457 6.1569 0 0 0 6.1165 0 7.2758 
0 0 5.5537 0 0 0 0 0 0 0 0 
0 0 0 0 4.77 0 6.1165 0 0 5.9983 0 
0 0 0 0 0 3.4848 0 0 5.9983 0 0 
0 0 0 0 0 0 7.2758 0 0 0 0 
