0 0 0 0 0 0 0 0 0 0 0 
0 0 1.8617 2.0806 0 0 0 0 0 0 0 
0 1.8617 0 3.4419 9.752 0 4.1148 5.1766 0 0 0 
0 2.0806 3.4419 0 1.2669 2.18 8.679 0 0 0 0 
0 0 9.752 1.2669 0 0 6.5956 0 4.6715 0 0 
0 0 0 2.18 0 0 0 0 0 3.4644 0 
0 0 4.1148 8.679 6.5956 0 0 0 6.0205 0 7.8712 
0 0 5.1766 0 0 0 0 0 0 0 0 
0 0 0 0 4.6715 0 6.0205 0 0 5.0053 0 
0 0 0 0 0 3.4644 0 0 5.0053 0 0 
0 0 0 0 0 0 7.8712 0 0 0 0 
