0 0 0 0 0 0 0 0 0 0 0 
0 0 1.7896 2.9548 0 0 0 0 0 0 0 
0 1.7896 0 3.5614 9.1512 0 4.1689 5.647 0 0 0 
0 2.9548 3.5614 0 1.0915 2.0124 8.932 0 0 0 0 
0 0 9.1512 1.0915 0 0 6.32 0 4.5171 0 0 
0 0 0 2.0124 0 0 0 0 0 3.9579 0 
0 0 4.1689 8.932 6.32 0 0 0 6.2527 0 7.3537 
0 0 5.647 0 0 0 0 0 0 0 0 
0 0 0 0 4.5171 0 6.2527 0 0 5.9056 0 
0 0 0 0 0 3.9579 0 0 5.9056 0 0 
0 0 0 0 0 0 7.3537 0 0 0 0 
