0 0 0 0 0 0 0 0 0 0 0 
0 0 1.1563 2.4565 0 0 0 0 0 0 0 
0 1.1563 0 3.8533 9.4125 0 4.9575 5.7602 0 0 0 
0 2.4565 3.8533 0 1.6583 2.897 8.1639 0 0 0 0 
0 0 9.4125 1.6583 0 0 6.5897 0 4.549 0 0 
0 0 0 2.897 0 0 0 0 0 3.6087 0 
0 0 4.9575 8.1639 6.5897 0 0 0 6.9587 0 7.4014 
0 0 5.7602 0 0 0 0 0 0 0 0 
0 0 0 0 4.549 0 6.9587 0 0 5.8166 0 
0 0 0 0 0 3.6087 0 0 5.8166 0 0 
0 0 0 0 0 0 7.4014 0 0 0 0 
