0 0 0 0 0 0 0 0 0 0 0 
0 0 1.4237 2.9285 0 0 0 0 0 0 0 
0 1.4237 0 3.3343 9.208 0 4.7343 5.5323 0 0 0 
0 2.9285 3.3343 0 1.3664 2.6964 8.6696 0 0 0 0 
0 0 9.208 1.3664 0 0 6.954 0 4.4308 0 0 
0 0 0 2.6964 0 0 0 0 0 3.5352 0 
0 0 4.7343 8.6696 6.954 0 0 0 6.9876 0 7.6384 
0 0 5.5323 0 0 0 0 0 0 0 0 
0 0 0 0 4.4308 0 6.9876 0 0 5.0617 0 
0 0 0 0 0 3.5352 0 0 5.0617 0 0 
0 0 0 0 0 0 7.6384 0 0 0 0 
