0 0 0 0 0 0 0 0 0 0 0 
0 0 1.9723 2.8754 0 0 0 0 0 0 0 
0 1.9723 0 3.0829 9.2665 0 4.0958 5.1927 0 0 0 
0 2.8754 3.0829 0 1.3376 2.5246 8.485 0 0 0 0 
0 0 9.2665 1.3376 0 0 6.7724 0 4.8149 0 0 
0 0 0 2.5246 0 0 0 0 0 3.5287 0 
0 0 4.0958 8.485 6.7724 0 0 0 6.8789 0 7.7232 
0 0 5.1927 0 0 0 0 0 0 0 0 
0 0 0 0 4.8149 0 6.8789 0 0 5.8772 0 
0 0 0 0 0 3.5287 0 0 5.8772 0 0 
0 0 0 0 0 0 7.7232 0 0 0 0 
