0 0 0 0 0 0 0 0 0 0 0 
0 0 1.1388 2.4759 0 0 0 0 0 0 0 
0 1.1388 0 3.4216 9.5537 0 4.5337 5.4519 0 0 0 
0 2.4759 3.4216 0 1.1763 2.8871 8.4362 0 0 0 0 
0 0 9.5537 1.1763 0 0 6.2406 0 4.3758 0 0 
0 0 0 2.8871 0 0 0 0 0 3.603 0 
0 0 4.5337 8.4362 6.2406 0 0 0 6.5708 0 7.682 
0 0 5.4519 0 0 0 0 0 0 0 0 
0 0 0 0 4.3758 0 6.5708 0 0 5.2094 0 
0 0 0 0 0 3.603 0 0 5.2094 0 0 
0 0 0 0 0 0 7.682 0 0 0 0 
