0 0 0 0 0 0 0 0 0 0 0 
0 0 1.5216 2.9326 0 0 0 0 0 0 0 
0 1.5216 0 3.0318 9.5769 0 4.6751 5.8123 0 0 0 
0 2.9326 3.0318 0 1.9469 2.7547 8.9093 0 0 0 0 
0 0 9.5769 1.9469 0 0 6.4183 0 4.7422 0 0 
0 0 0 2.7547 0 0 0 0 0 3.578 0 
0 0 4.6751 8.9093 6.4183 0 0 0 6.4737 0 7.5345 
0 0 5.8123 0 0 0 0 0 0 0 0 
0 0 0 0 4.7422 0 6.4737 0 0 5.8017 0 
0 0 0 0 0 3.578 0 0 5.8017 0 0 
0 0 0 0 0 0 7.5345 0 0 0 0 
