0 0 0 0 0 0 0 0 0 0 0 
0 0 1.047 2.944 0 0 0 0 0 0 0 
0 1.047 0 3.302 9.0123 0 4.192 5.6201 0 0 0 
0 2.944 3.302 0 1.0275 2.1358 8.5427 0 0 0 0 
0 0 9.0123 1.0275 0 0 6.9723 0 4.6334 0 0 
0 0 0 2.1358 0 0 0 0 0 3.6785 0 
0 0 4.192 8.5427 6.9723 0 0 0 6.5311 0 7.5572 
0 0 5.6201 0 0 0 0 0 0 0 0 
0 0 0 0 4.6334 0 6.5311 0 0 5.0868 0 
0 0 0 0 0 3.6785 0 0 5.0868 0 0 
0 0 0 0 0 0 7.5572 0 0 0 0 
