0 0 0 0 0 0 0 0 0 0 0 
0 0 1.8544 2.9124 0 0 0 0 0 0 0 
0 1.8544 0 3.8855 9.9375 0 4.9905 5.4224 0 0 0 
0 2.9124 3.8855 0 1.4267 2.5125 8.2558 0 0 0 0 
0 0 9.9375 1.4267 0 0 6.723 0 4.5382 0 0 
0 0 0 2.5125 0 0 0 0 0 3.3454 0 
0 0 4.9905 8.2558 6.723 0 0 0 6.3866 0 7.9301 
0 0 5.4224 0 0 0 0 0 0 0 0 
0 0 0 0 4.5382 0 6.3866 0 0 5.2424 0 
0 0 0 0 0 3.3454 0 0 5.2424 0 0 
0 0 0 0 0 0 7.9301 0 0 0 0 
