0 0 0 0 0 0 0 0 0 0 0 
0 0 1.137 2.3894 0 0 0 0 0 0 0 
0 1.137 0 3.3363 9.1181 0 4.2374 5.9809 0 0 0 
0 2.3894 3.3363 0 1.7599 2.3494 8.7812 0 0 0 0 
0 0 9.1181 1.7599 0 0 6.1235 0 4.2888 0 0 
0 0 0 2.3494 0 0 0 0 0 3.7954 0 
0 0 4.2374 8.7812 6.1235 0 0 0 6.4528 0 7.7 
0 0 5.9809 0 0 0 0 0 0 0 0 
0 0 0 0 4.2888 0 6.4528 0 0 5.3909 0 
0 0 0 0 0 3.7954 0 0 5.3909 0 0 
0 0 0 0 0 0 7.7 0 0 0 0 
