0 0 0 0 0 0 0 0 0 0 0 
0 0 1.8819 2.7641 0 0 0 0 0 0 0 
0 1.8819 0 3.3251 9.3942 0 4.5579 5.9867 0 0 0 
0 2.7641 3.3251 0 1.8914 2.7457 8.2176 0 0 0 0 
0 0 9.3942 1.8914 0 0 6.0516 0 4.6253 0 0 
0 0 0 2.7457 0 0 0 0 0 3.1936 0 
0 0 4.5579 8.2176 6.0516 0 0 0 6.6549 0 7.3266 
0 0 5.9867 0 0 0 0 0 0 0 0 
0 0 0 0 4.6253 0 6.6549 0 0 5.1598 0 
0 0 0 0 0 3.1936 0 0 5.1598 0 0 
0 0 0 0 0 0 7.3266 0 0 0 0 
