0 0 0 0 0 0 0 0 0 0 0 
0 0 10.8914 20.304 0 0 0 0 0 0 0 
0 10.8914 0 30.6968 90.5444 0 40.2932 50.658 0 0 0 
0 20.304 30.6968 0 10.0626 20.3251 80.7125 0 0 0 0 
0 0 90.5444 10.0626 0 0 60.6168 0 40.0648 0 0 
0 0 0 20.3251 0 0 0 0 0 30.9699 0 
0 0 40.2932 80.7125 60.6168 0 0 0 60.154 0 70.0441 
0 0 50.658 0 0 0 0 0 0 0 0 
0 0 0 0 40.0648 0 60.154 0 0 50.6842 0 
0 0 0 0 0 30.9699 0 0 50.6842 0 0 
0 0 0 0 0 0 70.0441 0 0 0 0 
