0 0 0 0 0 0 0 0 0 0 0 
0 0 10.3981 20.1838 0 0 0 0 0 0 0 
0 10.3981 0 30.4438 90.1098 0 40.0501 50.9408 0 0 0 
0 20.1838 30.4438 0 10.4145 20.3791 80.787 0 0 0 0 
0 0 90.1098 10.4145 0 0 60.8094 0 40.1036 0 0 
0 0 0 20.3791 0 0 0 0 0 30.3306 0 
0 0 40.0501 80.787 60.8094 0 0 0 60.7319 0 70.8651 
0 0 50.9408 0 0 0 0 0 0 0 0 
0 0 0 0 40.1036 0 60.7319 0 0 50.7346 0 
0 0 0 0 0 30.3306 0 0 50.7346 0 0 
0 0 0 0 0 0 70.8651 0 0 0 0 
