0 0 0 0 0 0 0 0 0 0 0 
0 0 10.4394 20.5931 0 0 0 0 0 0 0 
0 10.4394 0 30.6296 90.4852 0 40.7365 50.2426 0 0 0 
0 20.5931 30.6296 0 10.9713 20.5651 80.8682 0 0 0 0 
0 0 90.4852 10.9713 0 0 60.9019 0 40.1421 0 0 
0 0 0 20.5651 0 0 0 0 0 30.0146 0 
0 0 40.7365 80.8682 60.9019 0 0 0 60.0859 0 70.6419 
0 0 50.2426 0 0 0 0 0 0 0 0 
0 0 0 0 40.1421 0 60.0859 0 0 50.7798 0 
0 0 0 0 0 30.0146 0 0 50.7798 0 0 
0 0 0 0 0 0 70.6419 0 0 0 0 
