0 0 0 0 0 0 0 0 0 0 0 
0 0 10.2633 20.4338 0 0 0 0 0 0 0 
0 10.2633 0 30.5971 90.9782 0 40.7228 50.4487 0 0 0 
0 20.4338 30.5971 0 10.0511 20.3605 80.6887 0 0 0 0 
0 0 90.9782 10.0511 0 0 60.3745 0 40.5393 0 0 
0 0 0 20.3605 0 0 0 0 0 30.5169 0 
0 0 40.7228 80.6887 60.3745 0 0 0 60.1591 0 70.5236 
0 0 50.4487 0 0 0 0 0 0 0 0 
0 0 0 0 40.5393 0 60.1591 0 0 50.8169 0 
0 0 0 0 0 30.5169 0 0 50.8169 0 0 
0 0 0 0 0 0 70.5236 0 0 0 0 
