0 0 0 0 0 0 0 0 0 0 0 
0 0 10.9157 20.4821 0 0 0 0 0 0 0 
0 10.9157 0 30.9919 90.9234 0 40.0253 50.1866 0 0 0 
0 20.4821 30.9919 0 10.6272 20.8586 80.8579 0 0 0 0 
0 0 90.9234 10.6272 0 0 60.3377 0 40.3781 0 0 
0 0 0 20.8586 0 0 0 0 0 30.8966 0 
0 0 40.0253 80.8579 60.3377 0 0 0 60.1816 0 70.8309 
0 0 50.1866 0 0 0 0 0 0 0 0 
0 0 0 0 40.3781 0 60.1816 0 0 50.2461 0 
0 0 0 0 0 30.8966 0 0 50.2461 0 0 
0 0 0 0 0 0 70.8309 0 0 0 0 
