0 0 0 0 0 0 0 0 0 0 0 
0 0 10.4234 20.6355 0 0 0 0 0 0 0 
0 10.4234 0 30.4874 90.3096 0 40.2741 50.9914 0 0 0 
0 20.6355 30.4874 0 10.4121 20.1597 80.6593 0 0 0 0 
0 0 90.3096 10.4121 0 0 60.2262 0 40.0577 0 0 
0 0 0 20.1597 0 0 0 0 0 30.511 0 
0 0 40.2741 80.6593 60.2262 0 0 0 60.1483 0 70.7425 
0 0 50.9914 0 0 0 0 0 0 0 0 
0 0 0 0 40.0577 0 60.1483 0 0 50.4852 0 
0 0 0 0 0 30.511 0 0 50.4852 0 0 
0 0 0 0 0 0 70.7425 0 0 0 0 
