0 0 0 0 0 0 0 0 0 0 0 
0 0 10.3657 20.6038 0 0 0 0 0 0 0 
0 10.3657 0 30.1238 90.0503 0 40.6142 50.112 0 0 0 
0 20.6038 30.1238 0 10.0162 20.6466 80.2611 0 0 0 0 
0 0 90.0503 10.0162 0 0 60.629 0 40.0517 0 0 
0 0 0 20.6466 0 0 0 0 0 30.7942 0 
0 0 40.6142 80.2611 60.629 0 0 0 60.4221 0 70.0055 
0 0 50.112 0 0 0 0 0 0 0 0 
0 0 0 0 40.0517 0 60.4221 0 0 50.8461 0 
0 0 0 0 0 30.7942 0 0 50.8461 0 0 
0 0 0 0 0 0 70.0055 0 0 0 0 
