0 0 0 0 0 0 0 0 0 0 0 
0 0 10.1434 20.792 0 0 0 0 0 0 0 
0 10.1434 0 30.7741 90.2039 0 40.0891 50.6805 0 0 0 
0 20.792 30.7741 0 10.4834 20.7959 80.7009 0 0 0 0 
0 0 90.2039 10.4834 0 0 60.2261 0 40.2564 0 0 
0 0 0 20.7959 0 0 0 0 0 30.9494 0 
0 0 40.0891 80.7009 60.2261 0 0 0 60.1688 0 70.8739 
0 0 50.6805 0 0 0 0 0 0 0 0 
0 0 0 0 40.2564 0 60.1688 0 0 50.7166 0 
0 0 0 0 0 30.9494 0 0 50.7166 0 0 
0 0 0 0 0 0 70.8739 0 0 0 0 
