0 0 0 0 0 0 0 0 0 0 0 
0 0 10.2133 20.6951 0 0 0 0 0 0 0 
0 10.2133 0 30.0576 90.5397 0 40.518 50.0434 0 0 0 
0 20.6951 30.0576 0 10.6639 20.8259 80.272 0 0 0 0 
0 0 90.5397 10.6639 0 0 60.8197 0 40.3806 0 0 
0 0 0 20.8259 0 0 0 0 0 30.45 0 
0 0 40.518 80.272 60.8197 0 0 0 60.1775 0 70.8271 
0 0 50.0434 0 0 0 0 0 0 0 0 
0 0 0 0 40.3806 0 60.1775 0 0 50.0111 0 
0 0 0 0 0 30.45 0 0 50.0111 0 0 
0 0 0 0 0 0 70.8271 0 0 0 0 
