0 0 0 0 0 0 0 0 0 0 0 
0 0 10.3785 20.6655 0 0 0 0 0 0 0 
0 10.3785 0 30.3746 90.4101 0 40.9297 50.1658 0 0 0 
0 20.6655 30.3746 0 10.6933 20.3763 80.7224 0 0 0 0 
0 0 90.4101 10.6933 0 0 60.1269 0 40.7098 0 0 
0 0 0 20.3763 0 0 0 0 0 30.6471 0 
0 0 40.9297 80.7224 60.1269 0 0 0 60.7269 0 70.0526 
0 0 50.1658 0 0 0 0 0 0 0 0 
0 0 0 0 40.7098 0 60.7269 0 0 50.7173 0 
0 0 0 0 0 30.6471 0 0 50.7173 0 0 
0 0 0 0 0 0 70.0526 0 0 0 0 
