0 0 0 0 0 0 0 0 0 0 0 
0 0 10.4215 20.7374 0 0 0 0 0 0 0 
0 10.4215 0 30.8114 90.4437 0 40.471 50.1915 0 0 0 
0 20.7374 30.8114 0 10.0226 20.0378 80.9531 0 0 0 0 
0 0 90.4437 10.0226 0 0 60.9381 0 40.4226 0 0 
0 0 0 20.0378 0 0 0 0 0 30.6133 0 
0 0 40.471 80.9531 60.9381 0 0 0 60.459 0 70.3115 
0 0 50.1915 0 0 0 0 0 0 0 0 
0 0 0 0 40.4226 0 60.459 0 0 50.1557 0 
0 0 0 0 0 30.6133 0 0 50.1557 0 0 
0 0 0 0 0 0 70.3115 0 0 0 0 
