0 0 0 0 0 0 0 0 0 0 0 
0 0 10.4519 20.2958 0 0 0 0 0 0 0 
0 10.4519 0 30.6234 90.5032 0 40.2114 50.8912 0 0 0 
0 20.2958 30.6234 0 10.7557 20.18 80.3186 0 0 0 0 
0 0 90.5032 10.7557 0 0 60.8978 0 40.6821 0 0 
0 0 0 20.18 0 0 0 0 0 30.3017 0 
0 0 40.2114 80.3186 60.8978 0 0 0 60.5091 0 70.5408 
0 0 50.8912 0 0 0 0 0 0 0 0 
0 0 0 0 40.6821 0 60.5091 0 0 50.5357 0 
0 0 0 0 0 30.3017 0 0 50.5357 0 0 
0 0 0 0 0 0 70.5408 0 0 0 0 
