0 0 0 0 0 0 0 0 0 0 0 
0 0 10.3327 20.4795 0 0 0 0 0 0 0 
0 10.3327 0 30.3993 90.8344 0 40.0242 50.6736 0 0 0 
0 20.4795 30.3993 0 10.5194 20.7774 80.6581 0 0 0 0 
0 0 90.8344 10.5194 0 0 60.2795 0 40.8199 0 0 
0 0 0 20.7774 0 0 0 0 0 30.5494 0 
0 0 40.0242 80.6581 60.2795 0 0 0 60.6251 0 70.6152 
0 0 50.6736 0 0 0 0 0 0 0 0 
0 0 0 0 40.8199 0 60.6251 0 0 50.8784 0 
0 0 0 0 0 30.5494 0 0 50.8784 0 0 
0 0 0 0 0 0 70.6152 0 0 0 0 
