0 0 0 0 0 0 0 0 0 0 0 
0 0 10.4162 20.6835 0 0 0 0 0 0 0 
0 10.4162 0 30.0621 90.3173 0 40.0726 50.0755 0 0 0 
0 20.6835 30.0621 0 10.9004 20.6598 80.637 0 0 0 0 
0 0 90.3173 10.9004 0 0 60.3465 0 40.0602 0 0 
0 0 0 20.6598 0 0 0 0 0 30.2339 0 
0 0 40.0726 80.637 60.3465 0 0 0 60.9148 0 70.6472 
0 0 50.0755 0 0 0 0 0 0 0 0 
0 0 0 0 40.0602 0 60.9148 0 0 50.2785 0 
0 0 0 0 0 30.2339 0 0 50.2785 0 0 
0 0 0 0 0 0 70.6472 0 0 0 0 
