0 0 0 0 0 0 0 0 0 0 0 
0 0 10.1161 20.0902 0 0 0 0 0 0 0 
0 10.1161 0 30.8091 90.4426 0 40.8365 50.3299 0 0 0 
0 20.0902 30.8091 0 10.6629 20.2464 80.4252 0 0 0 0 
0 0 90.4426 10.6629 0 0 60.7058 0 40.4255 0 0 
0 0 0 20.2464 0 0 0 0 0 30.2657 0 
0 0 40.8365 80.4252 60.7058 0 0 0 60.5695 0 70.1507 
0 0 50.3299 0 0 0 0 0 0 0 0 
0 0 0 0 40.4255 0 60.5695 0 0 50.3313 0 
0 0 0 0 0 30.2657 0 0 50.3313 0 0 
0 0 0 0 0 0 70.1507 0 0 0 0 
