0 0 0 0 0 0 0 0 0 0 0 
0 0 10.9255 20.9093 0 0 0 0 0 0 0 
0 10.9255 0 30.9221 90.1626 0 40.0404 50.1644 0 0 0 
0 20.9093 30.9221 0 10.5332 20.9706 80.1391 0 0 0 0 
0 0 90.1626 10.5332 0 0 60.6889 0 40.1185 0 0 
0 0 0 20.9706 0 0 0 0 0 30.3942 0 
0 0 40.0404 80.1391 60.6889 0 0 0 60.8179 0 70.4554 
0 0 50.1644 0 0 0 0 0 0 0 0 
0 0 0 0 40.1185 0 60.8179 0 0 50.2846 0 
0 0 0 0 0 30.3942 0 0 50.2846 0 0 
0 0 0 0 0 0 70.4554 0 0 0 0 
