0 0 0 0 0 0 0 0 0 0 0 
0 0 10.8189 20.5569 0 0 0 0 0 0 0 
0 10.8189 0 30.0112 90.5351 0 40.9251 50.9658 0 0 0 
0 20.5569 30.0112 0 10.1954 20.1874 80.0193 0 0 0 0 
0 0 90.5351 10.1954 0 0 60.5044 0 40.7863 0 0 
0 0 0 20.1874 0 0 0 0 0 30.5435 0 
0 0 40.9251 80.0193 60.5044 0 0 0 60.3051 0 70.8834 
0 0 50.9658 0 0 0 0 0 0 0 0 
0 0 0 0 40.7863 0 60.3051 0 0 50.3234 0 
0 0 0 0 0 30.5435 0 0 50.3234 0 0 
0 0 0 0 0 0 70.8834 0 0 0 0 
