0 0 0 0 0 0 0 0 0 0 0 
0 0 10.5965 20.2757 0 0 0 0 0 0 0 
0 10.5965 0 30.192 90.421 0 40.0563 50.7017 0 0 0 
0 20.2757 30.192 0 10.4104 20.0717 80.0163 0 0 0 0 
0 0 90.421 10.4104 0 0 60.7146 0 40.321 0 0 
0 0 0 20.0717 0 0 0 0 0 30.4308 0 
0 0 40.0563 80.0163 60.7146 0 0 0 60.8727 0 70.8557 
0 0 50.7017 0 0 0 0 0 0 0 0 
0 0 0 0 40.321 0 60.8727 0 0 50.8112 0 
0 0 0 0 0 30.4308 0 0 50.8112 0 0 
0 0 0 0 0 0 70.8557 0 0 0 0 
