0 0 0 0 0 0 0 0 0 0 0 
0 0 10.8238 20.7858 0 0 0 0 0 0 0 
0 10.8238 0 30.0182 90.5004 0 40.2082 50.6056 0 0 0 
0 20.7858 30.0182 0 10.6613 20.8836 80.2847 0 0 0 0 
0 0 90.5004 10.6613 0 0 60.5449 0 40.3397 0 0 
0 0 0 20.8836 0 0 0 0 0 30.0643 0 
0 0 40.2082 80.2847 60.5449 0 0 0 60.6446 0 70.3618 
0 0 50.6056 0 0 0 0 0 0 0 0 
0 0 0 0 40.3397 0 60.6446 0 0 50.1177 0 
0 0 0 0 0 30.0643 0 0 50.1177 0 0 
0 0 0 0 0 0 70.3618 0 0 0 0 
