0 0 0 0 0 0 0 0 0 0 0 
0 0 10.2511 20.6499 0 0 0 0 0 0 0 
0 10.2511 0 30.6265 90.3975 0 40.6523 50.4973 0 0 0 
0 20.6499 30.6265 0 10.9035 20.7101 80.0148 0 0 0 0 
0 0 90.3975 10.9035 0 0 60.8006 0 40.538 0 0 
0 0 0 20.7101 0 0 0 0 0 30.0934 0 
0 0 40.6523 80.0148 60.8006 0 0 0 60.8524 0 70.4297 
0 0 50.4973 0 0 0 0 0 0 0 0 
0 0 0 0 40.538 0 60.8524 0 0 50.3689 0 
0 0 0 0 0 30.0934 0 0 50.3689 0 0 
0 0 0 0 0 0 70.4297 0 0 0 0 
