0 0 0 0 0 0 0 0 0 0 0 
0 0 10.6797 20.7033 0 0 0 0 0 0 0 
0 10.6797 0 30.4232 90.5092 0 40.4403 50.4326 0 0 0 
0 20.7033 30.4232 0 10.2727 20.2365 80.2773 0 0 0 0 
0 0 90.5092 10.2727 0 0 60.2764 0 40.5361 0 0 
0 0 0 20.2365 0 0 0 0 0 30.0847 0 
0 0 40.4403 80.2773 60.2764 0 0 0 60.6221 0 70.4708 
0 0 50.4326 0 0 0 0 0 0 0 0 
0 0 0 0 40.5361 0 60.6221 0 0 50.9405 0 
0 0 0 0 0 30.0847 0 0 50.9405 0 0 
0 0 0 0 0 0 70.4708 0 0 0 0 
