0 0 0 0 0 0 0 0 0 0 0 
0 0 10.1558 20.7198 0 0 0 0 0 0 0 
0 10.1558 0 30.3095 90.0101 0 40.5738 50.7045 0 0 0 
0 20.7198 30.3095 0 10.7429 20.8634 80.8018 0 0 0 0 
0 0 90.0101 10.7429 0 0 60.3624 0 40.7025 0 0 
0 0 0 20.8634 0 0 0 0 0 30.6242 0 
0 0 40.5738 80.8018 60.3624 0 0 0 60.5973 0 70.4983 
0 0 50.7045 0 0 0 0 0 0 0 0 
0 0 0 0 40.7025 0 60.5973 0 0 50.9552 0 
0 0 0 0 0 30.6242 0 0 50.9552 0 0 
0 0 0 0 0 0 70.4983 0 0 0 0 
