0 0 0 0 0 0 0 0 0 0 0 
0 0 10.6313 20.1485 0 0 0 0 0 0 0 
0 10.6313 0 30.5092 90.5453 0 40.9811 50.1479 0 0 0 
0 20.1485 30.5092 0 10.4028 20.7576 80.3911 0 0 0 0 
0 0 90.5453 10.4028 0 0 60.7448 0 40.8611 0 0 
0 0 0 20.7576 0 0 0 0 0 30.2311 0 
0 0 40.9811 80.3911 60.7448 0 0 0 60.5003 0 70.1707 
0 0 50.1479 0 0 0 0 0 0 0 0 
0 0 0 0 40.8611 0 60.5003 0 0 50.3224 0 
0 0 0 0 0 30.2311 0 0 50.3224 0 0 
0 0 0 0 0 0 70.1707 0 0 0 0 
