0 0 0 0 0 0 0 0 0 0 0 
0 0 10.3496 20.8996 0 0 0 0 0 0 0 
0 10.3496 0 30.7653 90.9066 0 40.9545 50.9877 0 0 0 
0 20.8996 30.7653 0 10.9297 20.5019 80.4304 0 0 0 0 
0 0 90.9066 10.9297 0 0 60.2095 0 40.1142 0 0 
0 0 0 20.5019 0 0 0 0 0 30.4195 0 
0 0 40.9545 80.4304 60.2095 0 0 0 60.6276 0 70.0772 
0 0 50.9877 0 0 0 0 0 0 0 0 
0 0 0 0 40.1142 0 60.6276 0 0 50.5435 0 
0 0 0 0 0 30.4195 0 0 50.5435 0 0 
0 0 0 0 0 0 70.0772 0 0 0 0 
