0 0 0 0 0 0 0 0 0 0 0 
0 0 10.8588 20.7034 0 0 0 0 0 0 0 
0 10.8588 0 30.423 90.5336 0 40.266 50.1842 0 0 0 
0 20.7034 30.423 0 10.292 20.1859 80.1415 0 0 0 0 
0 0 90.5336 10.292 0 0 60.7245 0 40.8986 0 0 
0 0 0 20.1859 0 0 0 0 0 30.3118 0 
0 0 40.266 80.1415 60.7245 0 0 0 60.6047 0 70.9902 
0 0 50.1842 0 0 0 0 0 0 0 0 
0 0 0 0 40.8986 0 60.6047 0 0 50.7385 0 
0 0 0 0 0 30.3118 0 0 50.7385 0 0 
0 0 0 0 0 0 70.9902 0 0 0 0 
