0 0 0 0 0 0 0 0 0 0 0 
0 0 10.1293 20.4917 0 0 0 0 0 0 0 
0 10.1293 0 30.1363 90.7698 0 40.2787 50.6956 0 0 0 
0 20.4917 30.1363 0 10.4042 20.4993 80.1967 0 0 0 0 
0 0 90.7698 10.4042 0 0 60.415 0 40.8525 0 0 
0 0 0 20.4993 0 0 0 0 0 30.4988 0 
0 0 40.2787 80.1967 60.415 0 0 0 60.7608 0 70.1894 
0 0 50.6956 0 0 0 0 0 0 0 0 
0 0 0 0 40.8525 0 60.7608 0 0 50.191 0 
0 0 0 0 0 30.4988 0 0 50.191 0 0 
0 0 0 0 0 0 70.1894 0 0 0 0 
