0 0 0 0 0 0 0 0 0 0 0 
0 0 10.0469 20.0899 0 0 0 0 0 0 0 
0 10.0469 0 30.6101 90.3325 0 40.9792 50.1611 0 0 0 
0 20.0899 30.6101 0 10.2414 20.2228 80.9068 0 0 0 0 
0 0 90.3325 10.2414 0 0 60.1306 0 40.141 0 0 
0 0 0 20.2228 0 0 0 0 0 30.1287 0 
0 0 40.9792 80.9068 60.1306 0 0 0 60.104 0 70.97 
0 0 50.1611 0 0 0 0 0 0 0 0 
0 0 0 0 40.141 0 60.104 0 0 50.5531 0 
0 0 0 0 0 30.1287 0 0 50.5531 0 0 
0 0 0 0 0 0 70.97 0 0 0 0 
