0 0 0 0 0 0 0 0 0 0 0 
0 0 10.6605 20.4481 0 0 0 0 0 0 0 
0 10.6605 0 30.831 90.0963 0 40.7706 50.1654 0 0 0 
0 20.4481 30.831 0 10.9812 20.5767 80.2951 0 0 0 0 
0 0 90.0963 10.9812 0 0 60.8789 0 40.4635 0 0 
0 0 0 20.5767 0 0 0 0 0 30.8184 0 
0 0 40.7706 80.2951 60.8789 0 0 0 60.3704 0 70.7688 
0 0 50.1654 0 0 0 0 0 0 0 0 
0 0 0 0 40.4635 0 60.3704 0 0 50.4352 0 
0 0 0 0 0 30.8184 0 0 50.4352 0 0 
0 0 0 0 0 0 70.7688 0 0 0 0 
