0 0 0 0 0 0 0 0 0 0 0 
0 0 10.0761 20.2846 0 0 0 0 0 0 0 
0 10.0761 0 30.797 90.9884 0 40.3791 50.3423 0 0 0 
0 20.2846 30.797 0 10.5434 20.6922 80.0769 0 0 0 0 
0 0 90.9884 10.5434 0 0 60.7289 0 40.7308 0 0 
0 0 0 20.6922 0 0 0 0 0 30.8704 0 
0 0 40.3791 80.0769 60.7289 0 0 0 60.9673 0 70.6378 
0 0 50.3423 0 0 0 0 0 0 0 0 
0 0 0 0 40.7308 0 60.9673 0 0 50.0245 0 
0 0 0 0 0 30.8704 0 0 50.0245 0 0 
0 0 0 0 0 0 70.6378 0 0 0 0 
