0 0 0 0 0 0 0 0 0 0 0 
0 0 10.9482 20.443 0 0 0 0 0 0 0 
0 10.9482 0 30.2274 90.5792 0 40.7195 50.0717 0 0 0 
0 20.443 30.2274 0 10.3224 20.6017 80.6761 0 0 0 0 
0 0 90.5792 10.3224 0 0 60.2558 0 40.6732 0 0 
0 0 0 20.6017 0 0 0 0 0 30.1707 0 
0 0 40.7195 80.6761 60.2558 0 0 0 60.6924 0 70.4534 
0 0 50.0717 0 0 0 0 0 0 0 0 
0 0 0 0 40.6732 0 60.6924 0 0 50.1684 0 
0 0 0 0 0 30.1707 0 0 50.1684 0 0 
0 0 0 0 0 0 70.4534 0 0 0 0 
