0 0 0 0 0 0 0 0 0 0 0 
0 0 10.9453 20.1189 0 0 0 0 0 0 0 
0 10.9453 0 30.8896 90.918 0 40.745 50.7979 0 0 0 
0 20.1189 30.8896 0 10.5823 20.7466 80.2378 0 0 0 0 
0 0 90.918 10.5823 0 0 60.3719 0 40.1421 0 0 
0 0 0 20.7466 0 0 0 0 0 30.6458 0 
0 0 40.745 80.2378 60.3719 0 0 0 60.2284 0 70.6332 
0 0 50.7979 0 0 0 0 0 0 0 0 
0 0 0 0 40.1421 0 60.2284 0 0 50.1748 0 
0 0 0 0 0 30.6458 0 0 50.1748 0 0 
0 0 0 0 0 0 70.6332 0 0 0 0 
