0 0 0 0 0 0 0 0 0 0 0 
0 0 10.0974 20.5731 0 0 0 0 0 0 0 
0 10.0974 0 30.0513 90.2117 0 40.7844 50.5585 0 0 0 
0 20.5731 30.0513 0 10.8581 20.1665 80.6348 0 0 0 0 
0 0 90.2117 10.8581 0 0 60.2417 0 40.3252 0 0 
0 0 0 20.1665 0 0 0 0 0 30.3424 0 
0 0 40.7844 80.6348 60.2417 0 0 0 60.8041 0 70.1225 
0 0 50.5585 0 0 0 0 0 0 0 0 
0 0 0 0 40.3252 0 60.8041 0 0 50.6581 0 
0 0 0 0 0 30.3424 0 0 50.6581 0 0 
0 0 0 0 0 0 70.1225 0 0 0 0 
