0 0 0 0 0 0 0 0 0 0 0 
0 0 10.9566 20.5702 0 0 0 0 0 0 0 
0 10.9566 0 30.9473 90.0181 0 40.7669 50.084 0 0 0 
0 20.5702 30.9473 0 10.2317 20.2393 80.1607 0 0 0 0 
0 0 90.0181 10.2317 0 0 60.4125 0 40.0058 0 0 
0 0 0 20.2393 0 0 0 0 0 30.1984 0 
0 0 40.7669 80.1607 60.4125 0 0 0 60.2858 0 70.9387 
0 0 50.084 0 0 0 0 0 0 0 0 
0 0 0 0 40.0058 0 60.2858 0 0 50.5512 0 
0 0 0 0 0 30.1984 0 0 50.5512 0 0 
0 0 0 0 0 0 70.9387 0 0 0 0 
