0 0 0 0 0 0 0 0 0 0 0 
0 0 10.7265 20.4752 0 0 0 0 0 0 0 
0 10.7265 0 30.8542 90.6045 0 40.7313 50.7802 0 0 0 
0 20.4752 30.8542 0 10.911 20.3264 80.7768 0 0 0 0 
0 0 90.6045 10.911 0 0 60.4819 0 40.1771 0 0 
0 0 0 20.3264 0 0 0 0 0 30.2618 0 
0 0 40.7313 80.7768 60.4819 0 0 0 60.334 0 70.8243 
0 0 50.7802 0 0 0 0 0 0 0 0 
0 0 0 0 40.1771 0 60.334 0 0 50.5396 0 
0 0 0 0 0 30.2618 0 0 50.5396 0 0 
0 0 0 0 0 0 70.8243 0 0 0 0 
