0 0 0 0 0 0 0 0 0 0 0 
0 0 10.9088 20.1095 0 0 0 0 0 0 0 
0 10.9088 0 30.7136 90.2491 0 40.1598 50.5402 0 0 0 
0 20.1095 30.7136 0 10.2161 20.4177 80.1787 0 0 0 0 
0 0 90.2491 10.2161 0 0 60.1272 0 40.5545 0 0 
0 0 0 20.4177 0 0 0 0 0 30.9706 0 
0 0 40.1598 80.1787 60.1272 0 0 0 60.6859 0 70.9876 
0 0 50.5402 0 0 0 0 0 0 0 0 
0 0 0 0 40.5545 0 60.6859 0 0 50.413 0 
0 0 0 0 0 30.9706 0 0 50.413 0 0 
0 0 0 0 0 0 70.9876 0 0 0 0 
