0 0 0 0 0 0 0 0 0 0 0 
0 0 10.5981 20.9643 0 0 0 0 0 0 0 
0 10.5981 0 30.7656 90.4721 0 40.1611 50.6873 0 0 0 
0 20.9643 30.7656 0 10.8122 20.3149 80.3048 0 0 0 0 
0 0 90.4721 10.8122 0 0 60.8804 0 40.8992 0 0 
0 0 0 20.3149 0 0 0 0 0 30.1745 0 
0 0 40.1611 80.3048 60.8804 0 0 0 60.2045 0 70.5177 
0 0 50.6873 0 0 0 0 0 0 0 0 
0 0 0 0 40.8992 0 60.2045 0 0 50.9947 0 
0 0 0 0 0 30.1745 0 0 50.9947 0 0 
0 0 0 0 0 0 70.5177 0 0 0 0 
