0 0 0 0 0 0 0 0 0 0 0 
0 0 10.3265 20.4782 0 0 0 0 0 0 0 
0 10.3265 0 30.3983 90.0279 0 40.0227 50.0915 0 0 0 
0 20.4782 30.3983 0 10.458 20.9448 80.7916 0 0 0 0 
0 0 90.0279 10.458 0 0 60.0615 0 40.8393 0 0 
0 0 0 20.9448 0 0 0 0 0 30.4967 0 
0 0 40.0227 80.7916 60.0615 0 0 0 60.7027 0 70.0978 
0 0 50.0915 0 0 0 0 0 0 0 0 
0 0 0 0 40.8393 0 60.7027 0 0 50.3711 0 
0 0 0 0 0 30.4967 0 0 50.3711 0 0 
0 0 0 0 0 0 70.0978 0 0 0 0 
