0 0 0 0 0 0 0 0 0 0 0 
0 0 10.9834 20.8896 0 0 0 0 0 0 0 
0 10.9834 0 30.1544 90.3162 0 40.7392 50.3458 0 0 0 
0 20.8896 30.1544 0 10.5601 20.9175 80.6855 0 0 0 0 
0 0 90.3162 10.5601 0 0 60.7095 0 40.1457 0 0 
0 0 0 20.9175 0 0 0 0 0 30.7007 0 
0 0 40.7392 80.6855 60.7095 0 0 0 60.0469 0 70.1452 
0 0 50.3458 0 0 0 0 0 0 0 0 
0 0 0 0 40.1457 0 60.0469 0 0 50.5364 0 
0 0 0 0 0 30.7007 0 0 50.5364 0 0 
0 0 0 0 0 0 70.1452 0 0 0 0 
