0 0 0 0 0 0 0 0 0 0 0 
0 0 10.2653 20.6259 0 0 0 0 0 0 0 
0 10.2653 0 30.8188 90.6975 0 40.3164 50.9413 0 0 0 
0 20.6259 30.8188 0 10.8916 20.9091 80.6777 0 0 0 0 
0 0 90.6975 10.8916 0 0 60.7368 0 40.6696 0 0 
0 0 0 20.9091 0 0 0 0 0 30.4444 0 
0 0 40.3164 80.6777 60.7368 0 0 0 60.1697 0 70.1976 
0 0 50.9413 0 0 0 0 0 0 0 0 
0 0 0 0 40.6696 0 60.1697 0 0 50.0415 0 
0 0 0 0 0 30.4444 0 0 50.0415 0 0 
0 0 0 0 0 0 70.1976 0 0 0 0 
