0 0 0 0 0 0 0 0 0 0 0 
0 0 10.979 20.2209 0 0 0 0 0 0 0 
0 10.979 0 30.9233 90.0162 0 40.9975 50.5321 0 0 0 
0 20.2209 30.9233 0 10.5199 20.5003 80.4659 0 0 0 0 
0 0 90.0162 10.5199 0 0 60.1129 0 40.2265 0 0 
0 0 0 20.5003 0 0 0 0 0 30.3008 0 
0 0 40.9975 80.4659 60.1129 0 0 0 60.1298 0 70.8738 
0 0 50.5321 0 0 0 0 0 0 0 0 
0 0 0 0 40.2265 0 60.1298 0 0 50.8872 0 
0 0 0 0 0 30.3008 0 0 50.8872 0 0 
0 0 0 0 0 0 70.8738 0 0 0 0 
