0 0 0 0 0 0 0 0 0 0 0 
0 0 10.7431 20.8181 0 0 0 0 0 0 0 
0 10.7431 0 30.1511 90.0036 0 40.0753 50.9149 0 0 0 
0 20.8181 30.1511 0 10.9516 20.0714 80.5044 0 0 0 0 
0 0 90.0036 10.9516 0 0 60.6113 0 40.4399 0 0 
0 0 0 20.0714 0 0 0 0 0 30.3129 0 
0 0 40.0753 80.5044 60.6113 0 0 0 60.234 0 70.5117 
0 0 50.9149 0 0 0 0 0 0 0 0 
0 0 0 0 40.4399 0 60.234 0 0 50.8958 0 
0 0 0 0 0 30.3129 0 0 50.8958 0 0 
0 0 0 0 0 0 70.5117 0 0 0 0 
