0 0 0 0 0 0 0 0 0 0 0 
0 0 10.5628 20.9515 0 0 0 0 0 0 0 
0 10.5628 0 30.2281 90.977 0 40.3821 50.286 0 0 0 
0 20.9515 30.2281 0 10.882 20.1337 80.5432 0 0 0 0 
0 0 90.977 10.882 0 0 60.0439 0 40.7138 0 0 
0 0 0 20.1337 0 0 0 0 0 30.4366 0 
0 0 40.3821 80.5432 60.0439 0 0 0 60.8012 0 70.1185 
0 0 50.286 0 0 0 0 0 0 0 0 
0 0 0 0 40.7138 0 60.8012 0 0 50.2845 0 
0 0 0 0 0 30.4366 0 0 50.2845 0 0 
0 0 0 0 0 0 70.1185 0 0 0 0 
