0 0 0 0 0 0 0 0 0 0 0 
0 0 10.6435 20.7412 0 0 0 0 0 0 0 
0 10.6435 0 30.7687 90.952 0 40.2031 50.8022 0 0 0 
0 20.7412 30.7687 0 10.849 20.6859 80.8168 0 0 0 0 
0 0 90.952 10.849 0 0 60.7574 0 40.3233 0 0 
0 0 0 20.6859 0 0 0 0 0 30.3543 0 
0 0 40.2031 80.8168 60.7574 0 0 0 60.3353 0 70.9119 
0 0 50.8022 0 0 0 0 0 0 0 0 
0 0 0 0 40.3233 0 60.3353 0 0 50.0015 0 
0 0 0 0 0 30.3543 0 0 50.0015 0 0 
0 0 0 0 0 0 70.9119 0 0 0 0 
