0 0 0 0 0 0 0 0 0 0 0 
0 0 10.6405 20.4797 0 0 0 0 0 0 0 
0 10.6405 0 30.6113 90.8009 0 40.0801 50.7096 0 0 0 
0 20.4797 30.6113 0 10.3523 20.3011 80.4511 0 0 0 0 
0 0 90.8009 10.3523 0 0 60.3479 0 40.4613 0 0 
0 0 0 20.3011 0 0 0 0 0 30.3065 0 
0 0 40.0801 80.4511 60.3479 0 0 0 60.0811 0 70.8752 
0 0 50.7096 0 0 0 0 0 0 0 0 
0 0 0 0 40.4613 0 60.0811 0 0 50.6598 0 
0 0 0 0 0 30.3065 0 0 50.6598 0 0 
0 0 0 0 0 0 70.8752 0 0 0 0 
