0 0 0 0 0 0 0 0 0 0 0 
0 0 10.7709 20.9518 0 0 0 0 0 0 0 
0 10.7709 0 30.4157 90.2581 0 40.131 50.6363 0 0 0 
0 20.9518 30.4157 0 10.7245 20.8815 80.6515 0 0 0 0 
0 0 90.2581 10.7245 0 0 60.064 0 40.4249 0 0 
0 0 0 20.8815 0 0 0 0 0 30.6639 0 
0 0 40.131 80.6515 60.064 0 0 0 60.6831 0 70.0946 
0 0 50.6363 0 0 0 0 0 0 0 0 
0 0 0 0 40.4249 0 60.6831 0 0 50.5964 0 
0 0 0 0 0 30.6639 0 0 50.5964 0 0 
0 0 0 0 0 0 70.0946 0 0 0 0 
