0 0 0 0 0 0 0 0 0 0 0 
0 0 10.4981 20.6735 0 0 0 0 0 0 0 
0 10.4981 0 30.048 90.3191 0 40.4545 50.9524 0 0 0 
0 20.6735 30.048 0 10.0176 20.7541 80.9397 0 0 0 0 
0 0 90.3191 10.0176 0 0 60.6608 0 40.7595 0 0 
0 0 0 20.7541 0 0 0 0 0 30.2077 0 
0 0 40.4545 80.9397 60.6608 0 0 0 60.4714 0 70.4863 
0 0 50.9524 0 0 0 0 0 0 0 0 
0 0 0 0 40.7595 0 60.4714 0 0 50.0819 0 
0 0 0 0 0 30.2077 0 0 50.0819 0 0 
0 0 0 0 0 0 70.4863 0 0 0 0 
