0 0 0 0 0 0 0 0 0 0 0 
0 0 10.3644 20.3437 0 0 0 0 0 0 0 
0 10.3644 0 30.4771 90.7516 0 40.9922 50.5537 0 0 0 
0 20.3437 30.4771 0 10.2741 20.7682 80.1442 0 0 0 0 
0 0 90.7516 10.2741 0 0 60.1194 0 40.2995 0 0 
0 0 0 20.7682 0 0 0 0 0 30.7277 0 
0 0 40.9922 80.1442 60.1194 0 0 0 60.2165 0 70.1074 
0 0 50.5537 0 0 0 0 0 0 0 0 
0 0 0 0 40.2995 0 60.2165 0 0 50.4708 0 
0 0 0 0 0 30.7277 0 0 50.4708 0 0 
0 0 0 0 0 0 70.1074 0 0 0 0 
