0 0 0 0 0 0 0 0 0 0 0 
0 0 10.8435 20.982 0 0 0 0 0 0 0 
0 10.8435 0 30.8171 90.3505 0 40.1721 50.2195 0 0 0 
0 20.982 30.8171 0 10.5586 20.15 80.0925 0 0 0 0 
0 0 90.3505 10.5586 0 0 60.9546 0 40.6661 0 0 
0 0 0 20.15 0 0 0 0 0 30.9381 0 
0 0 40.1721 80.0925 60.9546 0 0 0 60.1139 0 70.112 
0 0 50.2195 0 0 0 0 0 0 0 0 
0 0 0 0 40.6661 0 60.1139 0 0 50.7814 0 
0 0 0 0 0 30.9381 0 0 50.7814 0 0 
0 0 0 0 0 0 70.112 0 0 0 0 
