0 0 0 0 0 0 0 0 0 0 0 
0 0 100.6523 200.1509 0 0 0 0 0 0 0 
0 100.6523 0 300.5693 900.8145 0 400.6492 500.3117 0 0 0 
0 200.1509 300.5693 0 100.2866 200.5939 800.1882 0 0 0 0 
0 0 900.8145 100.2866 0 0 600.8471 0 400.1968 0 0 
0 0 0 200.5939 0 0 0 0 0 300.1813 0 
0 0 400.6492 800.1882 600.8471 0 0 0 600.9765 0 700.7766 
0 0 500.3117 0 0 0 0 0 0 0 0 
0 0 0 0 400.1968 0 600.9765 0 0 500.1196 0 
0 0 0 0 0 300.1813 0 0 500.1196 0 0 
0 0 0 0 0 0 700.7766 0 0 0 0 
