0 0 0 0 0 0 0 0 0 0 0 
0 0 100.1661 200.1712 0 0 0 0 0 0 0 
0 100.1661 0 300.7991 900.1211 0 400.6854 500.1108 0 0 0 
0 200.1712 300.7991 0 100.5259 200.9219 800.1057 0 0 0 0 
0 0 900.1211 100.5259 0 0 600.3935 0 400.8528 0 0 
0 0 0 200.9219 0 0 0 0 0 300.4336 0 
0 0 400.6854 800.1057 600.3935 0 0 0 600.1763 0 700.8273 
0 0 500.1108 0 0 0 0 0 0 0 0 
0 0 0 0 400.8528 0 600.1763 0 0 500.3231 0 
0 0 0 0 0 300.4336 0 0 500.3231 0 0 
0 0 0 0 0 0 700.8273 0 0 0 0 
