0 0 0 0 0 0 0 0 0 0 0 
0 0 100.2577 200.6106 0 0 0 0 0 0 0 
0 100.2577 0 300.9606 900.3283 0 400.2428 500.0641 0 0 0 
0 200.6106 300.9606 0 100.396 200.1866 800.3238 0 0 0 0 
0 0 900.3283 100.396 0 0 600.8835 0 400.9799 0 0 
0 0 0 200.1866 0 0 0 0 0 300.0304 0 
0 0 400.2428 800.3238 600.8835 0 0 0 600.6052 0 700.7199 
0 0 500.0641 0 0 0 0 0 0 0 0 
0 0 0 0 400.9799 0 600.6052 0 0 500.0066 0 
0 0 0 0 0 300.0304 0 0 500.0066 0 0 
0 0 0 0 0 0 700.7199 0 0 0 0 
