0 0 0 0 0 0 0 0 0 0 0 
0 0 100.9956 200.8414 0 0 0 0 0 0 0 
0 100.9956 0 300.3089 900.8935 0 400.1069 500.9434 0 0 0 
0 200.8414 300.3089 0 100.3194 200.7116 800.0821 0 0 0 0 
0 0 900.8935 100.3194 0 0 600.5793 0 400.7379 0 0 
0 0 0 200.7116 0 0 0 0 0 300.4312 0 
0 0 400.1069 800.0821 600.5793 0 0 0 600.2296 0 700.2319 
0 0 500.9434 0 0 0 0 0 0 0 0 
0 0 0 0 400.7379 0 600.2296 0 0 500.7185 0 
0 0 0 0 0 300.4312 0 0 500.7185 0 0 
0 0 0 0 0 0 700.2319 0 0 0 0 
