0 0 0 0 0 0 0 0 0 0 0 
0 0 100.4413 200.4814 0 0 0 0 0 0 0 
0 100.4413 0 300.1941 900.5984 0 400.0774 500.3975 0 0 0 
0 200.4814 300.1941 0 100.3565 200.731 800.5796 0 0 0 0 
0 0 900.5984 100.3565 0 0 600.0002 0 400.3958 0 0 
0 0 0 200.731 0 0 0 0 0 300.3599 0 
0 0 400.0774 800.5796 600.0002 0 0 0 600.5768 0 700.2195 
0 0 500.3975 0 0 0 0 0 0 0 0 
0 0 0 0 400.3958 0 600.5768 0 0 500.243 0 
0 0 0 0 0 300.3599 0 0 500.243 0 0 
0 0 0 0 0 0 700.2195 0 0 0 0 
