0 0 0 0 0 0 0 0 0 0 0 
0 0 100.7182 200.5505 0 0 0 0 0 0 0 
0 100.7182 0 300.4005 900.9646 0 400.1709 500.3373 0 0 0 
0 200.5505 300.4005 0 100.9269 200.836 800.086 0 0 0 0 
0 0 900.9646 100.9269 0 0 600.0577 0 400.1742 0 0 
0 0 0 200.836 0 0 0 0 0 300.1852 0 
0 0 400.1709 800.086 600.0577 0 0 0 600.1296 0 700.9907 
0 0 500.3373 0 0 0 0 0 0 0 0 
0 0 0 0 400.1742 0 600.1296 0 0 500.6596 0 
0 0 0 0 0 300.1852 0 0 500.6596 0 0 
0 0 0 0 0 0 700.9907 0 0 0 0 
