0 0 0 0 0 0 0 0 0 0 0 
0 0 100.6682 200.0827 0 0 0 0 0 0 0 
0 100.6682 0 300.6948 900.9815 0 400.4572 500.7776 0 0 0 
0 200.0827 300.6948 0 100.7495 200.2381 800.2375 0 0 0 0 
0 0 900.9815 100.7495 0 0 600.276 0 400.4144 0 0 
0 0 0 200.2381 0 0 0 0 0 300.8595 0 
0 0 400.4572 800.2375 600.276 0 0 0 600.0778 0 700.1037 
0 0 500.7776 0 0 0 0 0 0 0 0 
0 0 0 0 400.4144 0 600.0778 0 0 500.6303 0 
0 0 0 0 0 300.8595 0 0 500.6303 0 0 
0 0 0 0 0 0 700.1037 0 0 0 0 
