0 0 0 0 0 0 0 0 0 0 0 
0 0 100.98 200.0304 0 0 0 0 0 0 0 
0 100.98 0 300.0937 900.0187 0 400.5896 500.297 0 0 0 
0 200.0304 300.0937 0 100.9622 200.4363 800.3249 0 0 0 0 
0 0 900.0187 100.9622 0 0 600.5546 0 400.8407 0 0 
0 0 0 200.4363 0 0 0 0 0 300.0982 0 
0 0 400.5896 800.3249 600.5546 0 0 0 600.7083 0 700.6753 
0 0 500.297 0 0 0 0 0 0 0 0 
0 0 0 0 400.8407 0 600.7083 0 0 500.438 0 
0 0 0 0 0 300.0982 0 0 500.438 0 0 
0 0 0 0 0 0 700.6753 0 0 0 0 
