0 0 0 0 0 0 0 0 0 0 0 
0 0 100.4318 200.4666 0 0 0 0 0 0 0 
0 100.4318 0 300.3773 900.9885 0 400.0767 500.7326 0 0 0 
0 200.4666 300.3773 0 100.9304 200.1224 800.5206 0 0 0 0 
0 0 900.9885 100.9304 0 0 600.3302 0 400.1267 0 0 
0 0 0 200.1224 0 0 0 0 0 300.6922 0 
0 0 400.0767 800.5206 600.3302 0 0 0 600.6115 0 700.149 
0 0 500.7326 0 0 0 0 0 0 0 0 
0 0 0 0 400.1267 0 600.6115 0 0 500.6739 0 
0 0 0 0 0 300.6922 0 0 500.6739 0 0 
0 0 0 0 0 0 700.149 0 0 0 0 
