0 0 0 0 0 0 0 0 0 0 0 
0 0 100.4395 200.1564 0 0 0 0 0 0 0 
0 100.4395 0 300.1877 900.925 0 400.4161 500.3646 0 0 0 
0 200.1564 300.1877 0 100.66 200.0951 800.4234 0 0 0 0 
0 0 900.925 100.66 0 0 600.0222 0 400.7397 0 0 
0 0 0 200.0951 0 0 0 0 0 300.185 0 
0 0 400.4161 800.4234 600.0222 0 0 0 600.69 0 700.6241 
0 0 500.3646 0 0 0 0 0 0 0 0 
0 0 0 0 400.7397 0 600.69 0 0 500.3349 0 
0 0 0 0 0 300.185 0 0 500.3349 0 0 
0 0 0 0 0 0 700.6241 0 0 0 0 
