0 0 0 0 0 0 0 0 0 0 0 
0 0 100.1964 200.2384 0 0 0 0 0 0 0 
0 100.1964 0 300.4167 900.8046 0 400.4304 500.4519 0 0 0 
0 200.2384 300.4167 0 100.6761 200.8372 800.5528 0 0 0 0 
0 0 900.8046 100.6761 0 0 600.8668 0 400.972 0 0 
0 0 0 200.8372 0 0 0 0 0 300.3721 0 
0 0 400.4304 800.5528 600.8668 0 0 0 600.7136 0 700.0888 
0 0 500.4519 0 0 0 0 0 0 0 0 
0 0 0 0 400.972 0 600.7136 0 0 500.294 0 
0 0 0 0 0 300.3721 0 0 500.294 0 0 
0 0 0 0 0 0 700.0888 0 0 0 0 
