0 0 0 0 0 0 0 0 0 0 0 
0 0 100.2101 200.7139 0 0 0 0 0 0 0 
0 100.2101 0 300.6369 900.825 0 400.3326 500.5424 0 0 0 
0 200.7139 300.6369 0 100.9358 200.3 800.1895 0 0 0 0 
0 0 900.825 100.9358 0 0 600.1011 0 400.6487 0 0 
0 0 0 200.3 0 0 0 0 0 300.7054 0 
0 0 400.3326 800.1895 600.1011 0 0 0 600.4351 0 700.1121 
0 0 500.5424 0 0 0 0 0 0 0 0 
0 0 0 0 400.6487 0 600.4351 0 0 500.9514 0 
0 0 0 0 0 300.7054 0 0 500.9514 0 0 
0 0 0 0 0 0 700.1121 0 0 0 0 
