0 0 0 0 0 0 0 0 0 0 0 
0 0 100.7477 200.6376 0 0 0 0 0 0 0 
0 100.7477 0 300.1956 900.0762 0 400.9918 500.138 0 0 0 
0 200.6376 300.1956 0 100.7106 200.3673 800.5897 0 0 0 0 
0 0 900.0762 100.7106 0 0 600.8554 0 400.8126 0 0 
0 0 0 200.3673 0 0 0 0 0 300.5395 0 
0 0 400.9918 800.5897 600.8554 0 0 0 600.0118 0 700.0968 
0 0 500.138 0 0 0 0 0 0 0 0 
0 0 0 0 400.8126 0 600.0118 0 0 500.0032 0 
0 0 0 0 0 300.5395 0 0 500.0032 0 0 
0 0 0 0 0 0 700.0968 0 0 0 0 
