0 0 0 0 0 0 0 0 0 0 0 
0 0 100.4204 200.6881 0 0 0 0 0 0 0 
0 100.4204 0 300.273 900.9071 0 400.0062 500.8413 0 0 0 
0 200.6881 300.273 0 100.0889 200.2433 800.0809 0 0 0 0 
0 0 900.9071 100.0889 0 0 600.6334 0 400.566 0 0 
0 0 0 200.2433 0 0 0 0 0 300.3122 0 
0 0 400.0062 800.0809 600.6334 0 0 0 600.15 0 700.2415 
0 0 500.8413 0 0 0 0 0 0 0 0 
0 0 0 0 400.566 0 600.15 0 0 500.6326 0 
0 0 0 0 0 300.3122 0 0 500.6326 0 0 
0 0 0 0 0 0 700.2415 0 0 0 0 
