0 0 0 0 0 0 0 0 0 0 0 
0 0 100.1211 200.0729 0 0 0 0 0 0 0 
0 100.1211 0 300.7802 900.1195 0 400.471 500.1369 0 0 0 
0 200.0729 300.7802 0 100.9726 200.2478 800.4645 0 0 0 0 
0 0 900.1195 100.9726 0 0 600.7109 0 400.433 0 0 
0 0 0 200.2478 0 0 0 0 0 300.4703 0 
0 0 400.471 800.4645 600.7109 0 0 0 600.8868 0 700.7886 
0 0 500.1369 0 0 0 0 0 0 0 0 
0 0 0 0 400.433 0 600.8868 0 0 500.6311 0 
0 0 0 0 0 300.4703 0 0 500.6311 0 0 
0 0 0 0 0 0 700.7886 0 0 0 0 
