0 0 0 0 0 0 0 0 0 0 0 
0 0 100.4828 200.5106 0 0 0 0 0 0 0 
0 100.4828 0 300.4809 900.8243 0 400.3105 500.9008 0 0 0 
0 200.5106 300.4809 0 100.0785 200.2565 800.7138 0 0 0 0 
0 0 900.8243 100.0785 0 0 600.5584 0 400.5554 0 0 
0 0 0 200.2565 0 0 0 0 0 300.0346 0 
0 0 400.3105 800.7138 600.5584 0 0 0 600.8634 0 700.7781 
0 0 500.9008 0 0 0 0 0 0 0 0 
0 0 0 0 400.5554 0 600.8634 0 0 500.7645 0 
0 0 0 0 0 300.0346 0 0 500.7645 0 0 
0 0 0 0 0 0 700.7781 0 0 0 0 
