0 0 0 0 0 0 0 0 0 0 0 
0 0 100.4285 200.0584 0 0 0 0 0 0 0 
0 100.4285 0 300.0935 900.3135 0 400.0338 500.3678 0 0 0 
0 200.0584 300.0935 0 100.2702 200.2341 800.5765 0 0 0 0 
0 0 900.3135 100.2702 0 0 600.0542 0 400.3946 0 0 
0 0 0 200.2341 0 0 0 0 0 300.0064 0 
0 0 400.0338 800.5765 600.0542 0 0 0 600.8715 0 700.6578 
0 0 500.3678 0 0 0 0 0 0 0 0 
0 0 0 0 400.3946 0 600.8715 0 0 500.6106 0 
0 0 0 0 0 300.0064 0 0 500.6106 0 0 
0 0 0 0 0 0 700.6578 0 0 0 0 
