0 0 0 0 0 0 0 0 0 0 0 
0 0 100.1566 200.3756 0 0 0 0 0 0 0 
0 100.1566 0 300.3475 900.2288 0 400.6322 500.0539 0 0 0 
0 200.3756 300.3475 0 100.1256 200.9895 800.9955 0 0 0 0 
0 0 900.2288 100.1256 0 0 600.7454 0 400.5657 0 0 
0 0 0 200.9895 0 0 0 0 0 300.55 0 
0 0 400.6322 800.9955 600.7454 0 0 0 600.4956 0 700.6367 
0 0 500.0539 0 0 0 0 0 0 0 0 
0 0 0 0 400.5657 0 600.4956 0 0 500.7117 0 
0 0 0 0 0 300.55 0 0 500.7117 0 0 
0 0 0 0 0 0 700.6367 0 0 0 0 
