0 0 0 0 0 0 0 0 0 0 0 
0 0 100.9479 200.4788 0 0 0 0 0 0 0 
0 100.9479 0 300.9931 900.8579 0 400.7439 500.1985 0 0 0 
0 200.4788 300.9931 0 100.2338 200.2447 800.8064 0 0 0 0 
0 0 900.8579 100.2338 0 0 600.2812 0 400.9076 0 0 
0 0 0 200.2447 0 0 0 0 0 300.3653 0 
0 0 400.7439 800.8064 600.2812 0 0 0 600.8284 0 700.7177 
0 0 500.1985 0 0 0 0 0 0 0 0 
0 0 0 0 400.9076 0 600.8284 0 0 500.15 0 
0 0 0 0 0 300.3653 0 0 500.15 0 0 
0 0 0 0 0 0 700.7177 0 0 0 0 
