0 0 0 0 0 0 0 0 0 0 0 
0 0 100.7665 200.9285 0 0 0 0 0 0 0 
0 100.7665 0 300.5157 900.3231 0 400.6589 500.7185 0 0 0 
0 200.9285 300.5157 0 100.7485 200.5063 800.3179 0 0 0 0 
0 0 900.3231 100.7485 0 0 600.7812 0 400.5434 0 0 
0 0 0 200.5063 0 0 0 0 0 300.5739 0 
0 0 400.6589 800.3179 600.7812 0 0 0 600.8821 0 700.6347 
0 0 500.7185 0 0 0 0 0 0 0 0 
0 0 0 0 400.5434 0 600.8821 0 0 500.3534 0 
0 0 0 0 0 300.5739 0 0 500.3534 0 0 
0 0 0 0 0 0 700.6347 0 0 0 0 
