0 0 0 0 0 0 0 0 0 0 0 
0 0 100.1076 200.9086 0 0 0 0 0 0 0 
0 100.1076 0 300.419 900.4639 0 400.1244 500.1545 0 0 0 
0 200.9086 300.419 0 100.1471 200.7776 800.6267 0 0 0 0 
0 0 900.4639 100.1471 0 0 600.782 0 400.6812 0 0 
0 0 0 200.7776 0 0 0 0 0 300.6206 0 
0 0 400.1244 800.6267 600.782 0 0 0 600.5904 0 700.8534 
0 0 500.1545 0 0 0 0 0 0 0 0 
0 0 0 0 400.6812 0 600.5904 0 0 500.2202 0 
0 0 0 0 0 300.6206 0 0 500.2202 0 0 
0 0 0 0 0 0 700.8534 0 0 0 0 
