0 0 0 0 0 0 0 0 0 0 0 
0 0 100.7524 200.4011 0 0 0 0 0 0 0 
0 100.7524 0 300.0332 900.5623 0 400.5819 500.6994 0 0 0 
0 200.4011 300.0332 0 100.5927 200.37 800.611 0 0 0 0 
0 0 900.5623 100.5927 0 0 600.1555 0 400.7478 0 0 
0 0 0 200.37 0 0 0 0 0 300.6472 0 
0 0 400.5819 800.611 600.1555 0 0 0 600.3908 0 700.9388 
0 0 500.6994 0 0 0 0 0 0 0 0 
0 0 0 0 400.7478 0 600.3908 0 0 500.2526 0 
0 0 0 0 0 300.6472 0 0 500.2526 0 0 
0 0 0 0 0 0 700.9388 0 0 0 0 
