0 0 0 0 0 0 0 0 0 0 0 
0 0 100.4391 200.639 0 0 0 0 0 0 0 
0 100.4391 0 300.1925 900.2572 0 400.216 500.1432 0 0 0 
0 200.639 300.1925 0 100.3019 200.3896 800.6296 0 0 0 0 
0 0 900.2572 100.3019 0 0 600.0573 0 400.9664 0 0 
0 0 0 200.3896 0 0 0 0 0 300.3006 0 
0 0 400.216 800.6296 600.0573 0 0 0 600.2556 0 700.3437 
0 0 500.1432 0 0 0 0 0 0 0 0 
0 0 0 0 400.9664 0 600.2556 0 0 500.8714 0 
0 0 0 0 0 300.3006 0 0 500.8714 0 0 
0 0 0 0 0 0 700.3437 0 0 0 0 
