0 0 0 0 0 0 0 0 0 0 0 
0 0 100.0198 200.6442 0 0 0 0 0 0 0 
0 100.0198 0 300.3143 900.1015 0 400.684 500.1612 0 0 0 
0 200.6442 300.3143 0 100.7637 200.948 800.3288 0 0 0 0 
0 0 900.1015 100.7637 0 0 600.4171 0 400.1085 0 0 
0 0 0 200.948 0 0 0 0 0 300.9745 0 
0 0 400.684 800.3288 600.4171 0 0 0 600.6778 0 700.1815 
0 0 500.1612 0 0 0 0 0 0 0 0 
0 0 0 0 400.1085 0 600.6778 0 0 500.2593 0 
0 0 0 0 0 300.9745 0 0 500.2593 0 0 
0 0 0 0 0 0 700.1815 0 0 0 0 
