0 0 0 0 0 0 0 0 0 0 0 
0 0 100.1783 200.4743 0 0 0 0 0 0 0 
0 100.1783 0 300.6599 900.1172 0 400.5115 500.3407 0 0 0 
0 200.4743 300.6599 0 100.2898 200.4021 800.0788 0 0 0 0 
0 0 900.1172 100.2898 0 0 600.3284 0 400.4637 0 0 
0 0 0 200.4021 0 0 0 0 0 300.6639 0 
0 0 400.5115 800.0788 600.3284 0 0 0 600.9461 0 700.8331 
0 0 500.3407 0 0 0 0 0 0 0 0 
0 0 0 0 400.4637 0 600.9461 0 0 500.144 0 
0 0 0 0 0 300.6639 0 0 500.144 0 0 
0 0 0 0 0 0 700.8331 0 0 0 0 
