0 0 0 0 0 0 0 0 0 0 0 
0 0 100.2429 200.6303 0 0 0 0 0 0 0 
0 100.2429 0 300.1253 900.5548 0 400.6544 500.5301 0 0 0 
0 200.6303 300.1253 0 100.5555 200.218 800.4368 0 0 0 0 
0 0 900.5548 100.5555 0 0 600.0503 0 400.6803 0 0 
0 0 0 200.218 0 0 0 0 0 300.7997 0 
0 0 400.6544 800.4368 600.0503 0 0 0 600.2741 0 700.9496 
0 0 500.5301 0 0 0 0 0 0 0 0 
0 0 0 0 400.6803 0 600.2741 0 0 500.3997 0 
0 0 0 0 0 300.7997 0 0 500.3997 0 0 
0 0 0 0 0 0 700.9496 0 0 0 0 
