0 0 0 0 0 0 0 0 0 0 0 
0 0 100.3707 200.571 0 0 0 0 0 0 0 
0 100.3707 0 300.728 900.0946 0 400.2164 500.9024 0 0 0 
0 200.571 300.728 0 100.0682 200.4239 800.5837 0 0 0 0 
0 0 900.0946 100.0682 0 0 600.0357 0 400.8216 0 0 
0 0 0 200.4239 0 0 0 0 0 300.5553 0 
0 0 400.2164 800.5837 600.0357 0 0 0 600.7246 0 700.5946 
0 0 500.9024 0 0 0 0 0 0 0 0 
0 0 0 0 400.8216 0 600.7246 0 0 500.7048 0 
0 0 0 0 0 300.5553 0 0 500.7048 0 0 
0 0 0 0 0 0 700.5946 0 0 0 0 
