0 0 0 0 0 0 0 0 0 0 0 
0 0 100.0489 200.4825 0 0 0 0 0 0 0 
0 100.0489 0 300.0184 900.5995 0 400.8055 500.4016 0 0 0 
0 200.4825 300.0184 0 100.7458 200.9502 800.6108 0 0 0 0 
0 0 900.5995 100.7458 0 0 600.9547 0 400.0981 0 0 
0 0 0 200.9502 0 0 0 0 0 300.052 0 
0 0 400.8055 800.6108 600.9547 0 0 0 600.5887 0 700.3255 
0 0 500.4016 0 0 0 0 0 0 0 0 
0 0 0 0 400.0981 0 600.5887 0 0 500.4501 0 
0 0 0 0 0 300.052 0 0 500.4501 0 0 
0 0 0 0 0 0 700.3255 0 0 0 0 
