0 0 0 0 0 0 0 0 0 0 0 
0 0 100.9391 200.0596 0 0 0 0 0 0 0 
0 100.9391 0 300.7979 900.1739 0 400.7795 500.9533 0 0 0 
0 200.0596 300.7979 0 100.4669 200.9466 800.0209 0 0 0 0 
0 0 900.1739 100.4669 0 0 600.2942 0 400.9751 0 0 
0 0 0 200.9466 0 0 0 0 0 300.3661 0 
0 0 400.7795 800.0209 600.2942 0 0 0 600.2806 0 700.3612 
0 0 500.9533 0 0 0 0 0 0 0 0 
0 0 0 0 400.9751 0 600.2806 0 0 500.4412 0 
0 0 0 0 0 300.3661 0 0 500.4412 0 0 
0 0 0 0 0 0 700.3612 0 0 0 0 
