0 0 0 0 0 0 0 0 0 0 0 
0 0 100.1049 200.1572 0 0 0 0 0 0 0 
0 100.1049 0 300.1722 900.0346 0 400.1904 500.2777 0 0 0 
0 200.1572 300.1722 0 100.0651 200.6353 800.1235 0 0 0 0 
0 0 900.0346 100.0651 0 0 600.2365 0 400.2382 0 0 
0 0 0 200.6353 0 0 0 0 0 300.6957 0 
0 0 400.1904 800.1235 600.2365 0 0 0 600.266 0 700.2027 
0 0 500.2777 0 0 0 0 0 0 0 0 
0 0 0 0 400.2382 0 600.266 0 0 500.802 0 
0 0 0 0 0 300.6957 0 0 500.802 0 0 
0 0 0 0 0 0 700.2027 0 0 0 0 
