0 0 0 0 0 0 0 0 0 0 0 
0 0 100.7636 200.6754 0 0 0 0 0 0 0 
0 100.7636 0 300.1677 900.2852 0 400.0325 500.9092 0 0 0 
0 200.6754 300.1677 0 100.79 200.9302 800.3751 0 0 0 0 
0 0 900.2852 100.79 0 0 600.9392 0 400.308 0 0 
0 0 0 200.9302 0 0 0 0 0 300.0201 0 
0 0 400.0325 800.3751 600.9392 0 0 0 600.3593 0 700.6128 
0 0 500.9092 0 0 0 0 0 0 0 0 
0 0 0 0 400.308 0 600.3593 0 0 500.794 0 
0 0 0 0 0 300.0201 0 0 500.794 0 0 
0 0 0 0 0 0 700.6128 0 0 0 0 
