0 0 0 0 0 0 0 0 0 0 0 
0 0 100.8184 200.3606 0 0 0 0 0 0 0 
0 100.8184 0 300.9643 900.2835 0 400.8009 500.4795 0 0 0 
0 200.3606 300.9643 0 100.1368 200.734 800.9759 0 0 0 0 
0 0 900.2835 100.1368 0 0 600.708 0 400.9593 0 0 
0 0 0 200.734 0 0 0 0 0 300.6386 0 
0 0 400.8009 800.9759 600.708 0 0 0 600.988 0 700.881 
0 0 500.4795 0 0 0 0 0 0 0 0 
0 0 0 0 400.9593 0 600.988 0 0 500.6857 0 
0 0 0 0 0 300.6386 0 0 500.6857 0 0 
0 0 0 0 0 0 700.881 0 0 0 0 
