0 0 0 0 0 0 0 0 0 0 0 
0 0 100.3745 200.6945 0 0 0 0 0 0 0 
0 100.3745 0 300.2885 900.3603 0 400.0894 500.2714 0 0 0 
0 200.6945 300.2885 0 100.852 200.3532 800.1466 0 0 0 0 
0 0 900.3603 100.852 0 0 600.6542 0 400.3719 0 0 
0 0 0 200.3532 0 0 0 0 0 300.6468 0 
0 0 400.0894 800.1466 600.6542 0 0 0 600.2095 0 700.0114 
0 0 500.2714 0 0 0 0 0 0 0 0 
0 0 0 0 400.3719 0 600.2095 0 0 500.4021 0 
0 0 0 0 0 300.6468 0 0 500.4021 0 0 
0 0 0 0 0 0 700.0114 0 0 0 0 
