0 0 0 0 0 0 0 0 0 0 0 
0 0 100.2859 200.8119 0 0 0 0 0 0 0 
0 100.2859 0 300.8196 900.3253 0 400.9479 500.1326 0 0 0 
0 200.8119 300.8196 0 100.4113 200.3156 800.6461 0 0 0 0 
0 0 900.3253 100.4113 0 0 600.0813 0 400.2669 0 0 
0 0 0 200.3156 0 0 0 0 0 300.3149 0 
0 0 400.9479 800.6461 600.0813 0 0 0 600.9715 0 700.1675 
0 0 500.1326 0 0 0 0 0 0 0 0 
0 0 0 0 400.2669 0 600.9715 0 0 500.0233 0 
0 0 0 0 0 300.3149 0 0 500.0233 0 0 
0 0 0 0 0 0 700.1675 0 0 0 0 
