0 0 0 0 0 0 0 0 0 0 0 
0 0 100.9509 200.9173 0 0 0 0 0 0 0 
0 100.9509 0 300.2225 900.2367 0 400.9275 500.2501 0 0 0 
0 200.9173 300.2225 0 100.9915 200.7523 800.4742 0 0 0 0 
0 0 900.2367 100.9915 0 0 600.5201 0 400.1655 0 0 
0 0 0 200.7523 0 0 0 0 0 300.7779 0 
0 0 400.9275 800.4742 600.5201 0 0 0 600.7409 0 700.8606 
0 0 500.2501 0 0 0 0 0 0 0 0 
0 0 0 0 400.1655 0 600.7409 0 0 500.274 0 
0 0 0 0 0 300.7779 0 0 500.274 0 0 
0 0 0 0 0 0 700.8606 0 0 0 0 
