0 0 0 0 0 0 0 0 0 0 0 
0 0 100.7683 200.9692 0 0 0 0 0 0 0 
0 100.7683 0 300.0611 900.1301 0 400.6206 500.1084 0 0 0 
0 200.9692 300.0611 0 100.2047 200.5172 800.6917 0 0 0 0 
0 0 900.1301 100.2047 0 0 600.0886 0 400.4067 0 0 
0 0 0 200.5172 0 0 0 0 0 300.1176 0 
0 0 400.6206 800.6917 600.0886 0 0 0 600.5764 0 700.452 
0 0 500.1084 0 0 0 0 0 0 0 0 
0 0 0 0 400.4067 0 600.5764 0 0 500.7404 0 
0 0 0 0 0 300.1176 0 0 500.7404 0 0 
0 0 0 0 0 0 700.452 0 0 0 0 
