0 0 0 0 0 0 0 0 0 0 0 
0 0 100.3966 200.1801 0 0 0 0 0 0 0 
0 100.3966 0 300.2949 900.1109 0 400.9013 500.844 0 0 0 
0 200.1801 300.2949 0 100.4183 200.8068 800.5619 0 0 0 0 
0 0 900.1109 100.4183 0 0 600.2796 0 400.1096 0 0 
0 0 0 200.8068 0 0 0 0 0 300.1653 0 
0 0 400.9013 800.5619 600.2796 0 0 0 600.7512 0 700.3687 
0 0 500.844 0 0 0 0 0 0 0 0 
0 0 0 0 400.1096 0 600.7512 0 0 500.0456 0 
0 0 0 0 0 300.1653 0 0 500.0456 0 0 
0 0 0 0 0 0 700.3687 0 0 0 0 
