0 0 0 0 0 0 0 0 0 0 0 
0 0 100.2387 200.5479 0 0 0 0 0 0 0 
0 100.2387 0 300.5035 900.2042 0 400.0142 500.3737 0 0 0 
0 200.5479 300.5035 0 100.0745 200.4043 800.3794 0 0 0 0 
0 0 900.2042 100.0745 0 0 600.6553 0 400.7044 0 0 
0 0 0 200.4043 0 0 0 0 0 300.825 0 
0 0 400.0142 800.3794 600.6553 0 0 0 600.243 0 700.6255 
0 0 500.3737 0 0 0 0 0 0 0 0 
0 0 0 0 400.7044 0 600.243 0 0 500.6906 0 
0 0 0 0 0 300.825 0 0 500.6906 0 0 
0 0 0 0 0 0 700.6255 0 0 0 0 
