0 0 0 0 0 0 0 0 0 0 0 
0 0 100.861 200.8911 0 0 0 0 0 0 0 
0 100.861 0 300.7651 900.5076 0 400.2648 500.7697 0 0 0 
0 200.8911 300.7651 0 100.2179 200.3907 800.4547 0 0 0 0 
0 0 900.5076 100.2179 0 0 600.4846 0 400.3254 0 0 
0 0 0 200.3907 0 0 0 0 0 300.3191 0 
0 0 400.2648 800.4547 600.4846 0 0 0 600.132 0 700.6522 
0 0 500.7697 0 0 0 0 0 0 0 0 
0 0 0 0 400.3254 0 600.132 0 0 500.6573 0 
0 0 0 0 0 300.3191 0 0 500.6573 0 0 
0 0 0 0 0 0 700.6522 0 0 0 0 
