0 0 0 0 0 0 0 0 0 0 0 
0 0 100.6126 200.6624 0 0 0 0 0 0 0 
0 100.6126 0 300.0533 900.6969 0 400.5316 500.8854 0 0 0 
0 200.6624 300.0533 0 100.661 200.8731 800.2303 0 0 0 0 
0 0 900.6969 100.661 0 0 600.8316 0 400.1913 0 0 
0 0 0 200.8731 0 0 0 0 0 300.3081 0 
0 0 400.5316 800.2303 600.8316 0 0 0 600.8797 0 700.7072 
0 0 500.8854 0 0 0 0 0 0 0 0 
0 0 0 0 400.1913 0 600.8797 0 0 500.4423 0 
0 0 0 0 0 300.3081 0 0 500.4423 0 0 
0 0 0 0 0 0 700.7072 0 0 0 0 
