0 0 0 0 0 0 0 0 0 0 0 
0 0 100.8881 200.3876 0 0 0 0 0 0 0 
0 100.8881 0 300.6222 900.6801 0 400.738 500.989 0 0 0 
0 200.3876 300.6222 0 100.2827 200.2582 800.5782 0 0 0 0 
0 0 900.6801 100.2827 0 0 600.1678 0 400.8055 0 0 
0 0 0 200.2582 0 0 0 0 0 300.2255 0 
0 0 400.738 800.5782 600.1678 0 0 0 600.7139 0 700.8506 
0 0 500.989 0 0 0 0 0 0 0 0 
0 0 0 0 400.8055 0 600.7139 0 0 500.8555 0 
0 0 0 0 0 300.2255 0 0 500.8555 0 0 
0 0 0 0 0 0 700.8506 0 0 0 0 
