0 0 0 0 0 0 0 0 0 0 0 
0 0 100.1836 200.2941 0 0 0 0 0 0 0 
0 100.1836 0 300.2848 900.2584 0 400.2363 500.0364 0 0 0 
0 200.2941 300.2848 0 100.5782 200.4922 800.0061 0 0 0 0 
0 0 900.2584 100.5782 0 0 600.6309 0 400.1061 0 0 
0 0 0 200.4922 0 0 0 0 0 300.8746 0 
0 0 400.2363 800.0061 600.6309 0 0 0 600.8098 0 700.4242 
0 0 500.0364 0 0 0 0 0 0 0 0 
0 0 0 0 400.1061 0 600.8098 0 0 500.7592 0 
0 0 0 0 0 300.8746 0 0 500.7592 0 0 
0 0 0 0 0 0 700.4242 0 0 0 0 
