0 0 0 0 0 0 0 0 0 0 0 
0 0 100.4497 200.3605 0 0 0 0 0 0 0 
0 100.4497 0 300.5335 900.5773 0 400.7631 500.7888 0 0 0 
0 200.3605 300.5335 0 100.6383 200.6313 800.025 0 0 0 0 
0 0 900.5773 100.6383 0 0 600.2912 0 400.0301 0 0 
0 0 0 200.6313 0 0 0 0 0 300.1159 0 
0 0 400.7631 800.025 600.2912 0 0 0 600.3969 0 700.2645 
0 0 500.7888 0 0 0 0 0 0 0 0 
0 0 0 0 400.0301 0 600.3969 0 0 500.8717 0 
0 0 0 0 0 300.1159 0 0 500.8717 0 0 
0 0 0 0 0 0 700.2645 0 0 0 0 
