0 0 0 0 0 0 0 0 0 0 0 
0 0 100.8562 200.9882 0 0 0 0 0 0 0 
0 100.8562 0 300.0841 900.5856 0 400.5763 500.5516 0 0 0 
0 200.9882 300.0841 0 100.9304 200.6202 800.488 0 0 0 0 
0 0 900.5856 100.9304 0 0 600.1066 0 400.4109 0 0 
0 0 0 200.6202 0 0 0 0 0 300.6177 0 
0 0 400.5763 800.488 600.1066 0 0 0 600.515 0 700.9893 
0 0 500.5516 0 0 0 0 0 0 0 0 
0 0 0 0 400.4109 0 600.515 0 0 500.7481 0 
0 0 0 0 0 300.6177 0 0 500.7481 0 0 
0 0 0 0 0 0 700.9893 0 0 0 0 
