0 0 0 0 0 0 0 0 0 0 0 
0 0 1.1405 2.5873 0 0 0 0 0 0 0 
0 1.1405 0 3.453 9.5171 0 4.4759 5.5736 0 0 0 
0 2.5873 3.453 0 1.587 2.203 8.5369 0 0 0 0 
0 0 9.5171 1.587 0 0 6.857 0 4.2479 0 0 
0 0 0 2.203 0 0 0 0 0 3.3281 0 
0 0 4.4759 8.5369 6.857 0 0 0 6.6501 0 7.187 
0 0 5.5736 0 0 0 0 0 0 0 0 
0 0 0 0 4.2479 0 6.6501 0 0 5.8872 0 
0 0 0 0 0 3.3281 0 0 5.8872 0 0 
0 0 0 0 0 0 7.187 0 0 0 0 
