0 0 0 0 0 0 0 0 0 0 0 
0 0 1.5031 2.9921 0 0 0 0 0 0 0 
0 1.5031 0 3.2367 9.6547 0 4.579 5.6512 0 0 0 
0 2.9921 3.2367 0 1.7736 2.0327 8.9791 0 0 0 0 
0 0 9.6547 1.7736 0 0 6.4914 0 4.0885 0 0 
0 0 0 2.0327 0 0 0 0 0 3.6261 0 
0 0 4.579 8.9791 6.4914 0 0 0 6.5142 0 7.2124 
0 0 5.6512 0 0 0 0 0 0 0 0 
0 0 0 0 4.0885 0 6.5142 0 0 5.1595 0 
0 0 0 0 0 3.6261 0 0 5.1595 0 0 
0 0 0 0 0 0 7.2124 0 0 0 0 
