0 0 0 0 0 0 0 0 0 0 0 
0 0 1.7329 2.9871 0 0 0 0 0 0 0 
0 1.7329 0 3.5623 9.2149 0 4.6197 5.2985 0 0 0 
0 2.9871 3.5623 0 1.1805 2.5145 8.3721 0 0 0 0 
0 0 9.2149 1.1805 0 0 6.8245 0 4.5719 0 0 
0 0 0 2.5145 0 0 0 0 0 3.2302 0 
0 0 4.6197 8.3721 6.8245 0 0 0 6.1879 0 7.8456 
0 0 5.2985 0 0 0 0 0 0 0 0 
0 0 0 0 4.5719 0 6.1879 0 0 5.7134 0 
0 0 0 0 0 3.2302 0 0 5.7134 0 0 
0 0 0 0 0 0 7.8456 0 0 0 0 
