0 0 0 0 0 0 0 0 0 0 0 
0 0 1.8907 2.5979 0 0 0 0 0 0 0 
0 1.8907 0 3.9728 9.5755 0 4.9517 5.615 0 0 0 
0 2.5979 3.9728 0 1.6522 2.0307 8.3071 0 0 0 0 
0 0 9.5755 1.6522 0 0 6.5884 0 4.0029 0 0 
0 0 0 2.0307 0 0 0 0 0 3.6312 0 
0 0 4.9517 8.3071 6.5884 0 0 0 6.9782 0 7.683 
0 0 5.615 0 0 0 0 0 0 0 0 
0 0 0 0 4.0029 0 6.9782 0 0 5.8047 0 
0 0 0 0 0 3.6312 0 0 5.8047 0 0 
0 0 0 0 0 0 7.683 0 0 0 0 
