0 0 0 0 0 0 0 0 0 0 0 
0 0 1.504 2.4197 0 0 0 0 0 0 0 
0 1.504 0 3.3262 9.6303 0 4.0529 5.8843 0 0 0 
0 2.4197 3.3262 0 1.9195 2.9854 8.1906 0 0 0 0 
0 0 9.6303 1.9195 0 0 6.2355 0 4.793 0 0 
0 0 0 2.9854 0 0 0 0 0 3.7948 0 
0 0 4.0529 8.1906 6.2355 0 0 0 6.1823 0 7.2898 
0 0 5.8843 0 0 0 0 0 0 0 0 
0 0 0 0 4.793 0 6.1823 0 0 5.8907 0 
0 0 0 0 0 3.7948 0 0 5.8907 0 0 
0 0 0 0 0 0 7.2898 0 0 0 0 
