0 0 0 0 0 0 0 0 0 0 0 
0 0 1.3641 2.021 0 0 0 0 0 0 0 
0 1.3641 0 3.4672 9.486 0 4.08 5.7571 0 0 0 
0 2.021 3.4672 0 1.182 2.2868 8.1232 0 0 0 0 
0 0 9.486 1.182 0 0 6.0598 0 4.4381 0 0 
0 0 0 2.2868 0 0 0 0 0 3.644 0 
0 0 4.08 8.1232 6.0598 0 0 0 6.5949 0 7.2488 
0 0 5.7571 0 0 0 0 0 0 0 0 
0 0 0 0 4.4381 0 6.5949 0 0 5.226 0 
0 0 0 0 0 3.644 0 0 5.226 0 0 
0 0 0 0 0 0 7.2488 0 0 0 0 
