0 0 0 0 0 0 0 0 0 0 0 
0 0 1.4964 2.6274 0 0 0 0 0 0 0 
0 1.4964 0 3.8866 9.4294 0 4.4335 5.3464 0 0 0 
0 2.6274 3.8866 0 1.8627 2.0725 8.245 0 0 0 0 
0 0 9.4294 1.8627 0 0 6.2266 0 4.518 0 0 
0 0 0 2.0725 0 0 0 0 0 3.1262 0 
0 0 4.4335 8.245 6.2266 0 0 0 6.5837 0 7.9475 
0 0 5.3464 0 0 0 0 0 0 0 0 
0 0 0 0 4.518 0 6.5837 0 0 5.4946 0 
0 0 0 0 0 3.1262 0 0 5.4946 0 0 
0 0 0 0 0 0 7.9475 0 0 0 0 
