0 0 0 0 0 0 0 0 0 0 0 
0 0 1.3842 2.0704 0 0 0 0 0 0 0 
0 1.3842 0 3.555 9.5327 0 4.7565 5.2736 0 0 0 
0 2.0704 3.555 0 1.2615 2.2257 8.7355 0 0 0 0 
0 0 9.5327 1.2615 0 0 6.9952 0 4.1666 0 0 
0 0 0 2.2257 0 0 0 0 0 3.5656 0 
0 0 4.7565 8.7355 6.9952 0 0 0 6.0396 0 7.9549 
0 0 5.2736 0 0 0 0 0 0 0 0 
0 0 0 0 4.1666 0 6.0396 0 0 5.3075 0 
0 0 0 0 0 3.5656 0 0 5.3075 0 0 
0 0 0 0 0 0 7.9549 0 0 0 0 
