0 0 0 0 0 0 0 0 0 0 0 
0 0 1.5927 2.4984 0 0 0 0 0 0 0 
0 1.5927 0 3.6442 9.9585 0 4.2377 5.1436 0 0 0 
0 2.4984 3.6442 0 1.6781 2.2203 8.7911 0 0 0 0 
0 0 9.9585 1.6781 0 0 6.2104 0 4.3713 0 0 
0 0 0 2.2203 0 0 0 0 0 3.3987 0 
0 0 4.2377 8.7911 6.2104 0 0 0 6.9911 0 7.2507 
0 0 5.1436 0 0 0 0 0 0 0 0 
0 0 0 0 4.3713 0 6.9911 0 0 5.7101 0 
0 0 0 0 0 3.3987 0 0 5.7101 0 0 
0 0 0 0 0 0 7.2507 0 0 0 0 
