0 0 0 0 0 0 0 0 0 0 0 
0 0 1.1302 2.1784 0 0 0 0 0 0 0 
0 1.1302 0 3.4372 9.5632 0 4.0592 5.7205 0 0 0 
0 2.1784 3.4372 0 1.0348 2.3526 8.186 0 0 0 0 
0 0 9.5632 1.0348 0 0 6.8832 0 4.1563 0 0 
0 0 0 2.3526 0 0 0 0 0 3.792 0 
0 0 4.0592 8.186 6.8832 0 0 0 6.9186 0 7.7935 
0 0 5.7205 0 0 0 0 0 0 0 0 
0 0 0 0 4.1563 0 6.9186 0 0 5.586 0 
0 0 0 0 0 3.792 0 0 5.586 0 0 
0 0 0 0 0 0 7.7935 0 0 0 0 
