0 0 0 0 0 0 0 0 0 0 0 
0 0 1.0327 2.5937 0 0 0 0 0 0 0 
0 1.0327 0 3.4538 9.4956 0 4.9707 5.3264 0 0 0 
0 2.5937 3.4538 0 1.2311 2.062 8.776 0 0 0 0 
0 0 9.4956 1.2311 0 0 6.6975 0 4.4668 0 0 
0 0 0 2.062 0 0 0 0 0 3.9729 0 
0 0 4.9707 8.776 6.6975 0 0 0 6.9831 0 7.5929 
0 0 5.3264 0 0 0 0 0 0 0 0 
0 0 0 0 4.4668 0 6.9831 0 0 5.0821 0 
0 0 0 0 0 3.9729 0 0 5.0821 0 0 
0 0 0 0 0 0 7.5929 0 0 0 0 
