0 0 0 0 0 0 0 0 0 0 0 
0 0 1.0007 2.6016 0 0 0 0 0 0 0 
0 1.0007 0 3.292 9.7969 0 4.8004 5.5346 0 0 0 
0 2.6016 3.292 0 1.3431 2.4021 8.271 0 0 0 0 
0 0 9.7969 1.3431 0 0 6.9808 0 4.2617 0 0 
0 0 0 2.4021 0 0 0 0 0 3.8621 0 
0 0 4.8004 8.271 6.9808 0 0 0 6.7169 0 7.7812 
0 0 5.5346 0 0 0 0 0 0 0 0 
0 0 0 0 4.2617 0 6.7169 0 0 5.2265 0 
0 0 0 0 0 3.8621 0 0 5.2265 0 0 
0 0 0 0 0 0 7.7812 0 0 0 0 
