0 0 0 0 0 0 0 0 0 0 0 
0 0 1.5361 2.4676 0 0 0 0 0 0 0 
0 1.5361 0 3.1469 9.2735 0 4.9156 5.7609 0 0 0 
0 2.4676 3.1469 0 1.2044 2.0537 8.721 0 0 0 0 
0 0 9.2735 1.2044 0 0 6.3341 0 4.3307 0 0 
0 0 0 2.0537 0 0 0 0 0 3.4132 0 
0 0 4.9156 8.721 6.3341 0 0 0 6.8249 0 7.2994 
0 0 5.7609 0 0 0 0 0 0 0 0 
0 0 0 0 4.3307 0 6.8249 0 0 5.0943 0 
0 0 0 0 0 3.4132 0 0 5.0943 0 0 
0 0 0 0 0 0 7.2994 0 0 0 0 
