0 0 0 0 0 0 0 0 0 0 0 
0 0 1.8624 2.1655 0 0 0 0 0 0 0 
0 1.8624 0 3.6723 9.9572 0 4.6725 5.3596 0 0 0 
0 2.1655 3.6723 0 1.9755 2.0222 8.1537 0 0 0 0 
0 0 9.9572 1.9755 0 0 6.1721 0 4.9644 0 0 
0 0 0 2.0222 0 0 0 0 0 3.1294 0 
0 0 4.6725 8.1537 6.1721 0 0 0 6.6985 0 7.0214 
0 0 5.3596 0 0 0 0 0 0 0 0 
0 0 0 0 4.9644 0 6.6985 0 0 5.5738 0 
0 0 0 0 0 3.1294 0 0 5.5738 0 0 
0 0 0 0 0 0 7.0214 0 0 0 0 
