0 0 0 0 0 0 0 0 0 0 0 
0 0 1.9697 2.3663 0 0 0 0 0 0 0 
0 1.9697 0 3.2036 9.0843 0 4.9071 5.7379 0 0 0 
0 2.3663 3.2036 0 1.4018 2.3525 8.3137 0 0 0 0 
0 0 9.0843 1.4018 0 0 6.0264 0 4.592 0 0 
0 0 0 2.3525 0 0 0 0 0 3.3099 0 
0 0 4.9071 8.3137 6.0264 0 0 0 6.1464 0 7.7155 
0 0 5.7379 0 0 0 0 0 0 0 0 
0 0 0 0 4.592 0 6.1464 0 0 5.4382 0 
0 0 0 0 0 3.3099 0 0 5.4382 0 0 
0 0 0 0 0 0 7.7155 0 0 0 0 
