0 0 0 0 0 0 0 0 0 0 0 
0 0 1.3864 2.3892 0 0 0 0 0 0 0 
0 1.3864 0 3.8059 9.3062 0 4.7329 5.2553 0 0 0 
0 2.3892 3.8059 0 1.1674 2.6287 8.2347 0 0 0 0 
0 0 9.3062 1.1674 0 0 6.6285 0 4.3822 0 0 
0 0 0 2.6287 0 0 0 0 0 3.1599 0 
0 0 4.7329 8.2347 6.6285 0 0 0 6.0542 0 7.7057 
0 0 5.2553 0 0 0 0 0 0 0 0 
0 0 0 0 4.3822 0 6.0542 0 0 5.6019 0 
0 0 0 0 0 3.1599 0 0 5.6019 0 0 
0 0 0 0 0 0 7.7057 0 0 0 0 
