0 0 0 0 0 0 0 0 0 0 0 
0 0 1.1779 2.2622 0 0 0 0 0 0 0 
0 1.1779 0 3.1147 9.8274 0 4.29 5.4084 0 0 0 
0 2.2622 3.1147 0 1.8325 2.7533 8.7962 0 0 0 0 
0 0 9.8274 1.8325 0 0 6.3458 0 4.8476 0 0 
0 0 0 2.7533 0 0 0 0 0 3.6199 0 
0 0 4.29 8.7962 6.3458 0 0 0 6.6057 0 7.744 
0 0 5.4084 0 0 0 0 0 0 0 0 
0 0 0 0 4.8476 0 6.6057 0 0 5.3443 0 
0 0 0 0 0 3.6199 0 0 5.3443 0 0 
0 0 0 0 0 0 7.744 0 0 0 0 
