0 0 0 0 0 0 0 0 0 0 0 
0 0 1.3559 2.7084 0 0 0 0 0 0 0 
0 1.3559 0 3.3899 9.0846 0 4.5024 5.6805 0 0 0 
0 2.7084 3.3899 0 1.2283 2.0158 8.6861 0 0 0 0 
0 0 9.0846 1.2283 0 0 6.0929 0 4.3796 0 0 
0 0 0 2.0158 0 0 0 0 0 3.7549 0 
0 0 4.5024 8.6861 6.0929 0 0 0 6.6129 0 7.854 
0 0 5.6805 0 0 0 0 0 0 0 0 
0 0 0 0 4.3796 0 6.6129 0 0 5.4192 0 
0 0 0 0 0 3.7549 0 0 5.4192 0 0 
0 0 0 0 0 0 7.854 0 0 0 0 
