0 0 0 0 0 0 0 0 0 0 0 
0 0 1.3062 2.8231 0 0 0 0 0 0 0 
0 1.3062 0 3.1104 9.2886 0 4.4931 5.9753 0 0 0 
0 2.8231 3.1104 0 1.5313 2.048 8.2893 0 0 0 0 
0 0 9.2886 1.5313 0 0 6.6951 0 4.092 0 0 
0 0 0 2.048 0 0 0 0 0 3.412 0 
0 0 4.4931 8.2893 6.6951 0 0 0 6.8027 0 7.784 
0 0 5.9753 0 0 0 0 0 0 0 0 
0 0 0 0 4.092 0 6.8027 0 0 5.3038 0 
0 0 0 0 0 3.412 0 0 5.3038 0 0 
0 0 0 0 0 0 7.784 0 0 0 0 
