0 0 0 0 0 0 0 0 0 0 0 
0 0 1.0004 2.5014 0 0 0 0 0 0 0 
0 1.0004 0 3.1694 9.1222 0 4.8976 5.6987 0 0 0 
0 2.5014 3.1694 0 1.0848 2.641 8.0295 0 0 0 0 
0 0 9.1222 1.0848 0 0 6.2051 0 4.7782 0 0 
0 0 0 2.641 0 0 0 0 0 3.1123 0 
0 0 4.8976 8.0295 6.2051 0 0 0 6.8292 0 7.2712 
0 0 5.6987 0 0 0 0 0 0 0 0 
0 0 0 0 4.7782 0 6.8292 0 0 5.434 0 
0 0 0 0 0 3.1123 0 0 5.434 0 0 
0 0 0 0 0 0 7.2712 0 0 0 0 
