0 0 0 0 0 0 0 0 0 0 0 
0 0 1.5567 2.5571 0 0 0 0 0 0 0 
0 1.5567 0 3.3235 9.98 0 4.5223 5.4646 0 0 0 
0 2.5571 3.3235 0 1.6398 2.4825 8.1779 0 0 0 0 
0 0 9.98 1.6398 0 0 6.2165 0 4.3953 0 0 
0 0 0 2.4825 0 0 0 0 0 3.1654 0 
0 0 4.5223 8.1779 6.2165 0 0 0 6.4426 0 7.3209 
0 0 5.4646 0 0 0 0 0 0 0 0 
0 0 0 0 4.3953 0 6.4426 0 0 5.3502 0 
0 0 0 0 0 3.1654 0 0 5.3502 0 0 
0 0 0 0 0 0 7.3209 0 0 0 0 
