0 0 0 0 0 0 0 0 0 0 0 
0 0 1.5771 2.2007 0 0 0 0 0 0 0 
0 1.5771 0 3.7941 9.3809 0 4.228 5.5428 0 0 0 
0 2.2007 3.7941 0 1.538 2.9372 8.3651 0 0 0 0 
0 0 9.3809 1.538 0 0 6.9722 0 4.2409 0 0 
0 0 0 2.9372 0 0 0 0 0 3.2606 0 
0 0 4.228 8.3651 6.9722 0 0 0 6.9551 0 7.0944 
0 0 5.5428 0 0 0 0 0 0 0 0 
0 0 0 0 4.2409 0 6.9551 0 0 5.0011 0 
0 0 0 0 0 3.2606 0 0 5.0011 0 0 
0 0 0 0 0 0 7.0944 0 0 0 0 
