0 0 0 0 0 0 0 0 0 0 0 
0 0 1.823 2.8923 0 0 0 0 0 0 0 
0 1.823 0 3.3303 9.7443 0 4.4739 5.127 0 0 0 
0 2.8923 3.3303 0 1.3683 2.2115 8.5309 0 0 0 0 
0 0 9.7443 1.3683 0 0 6.3578 0 4.3706 0 0 
0 0 0 2.2115 0 0 0 0 0 3.7086 0 
0 0 4.4739 8.5309 6.3578 0 0 0 6.758 0 7.9209 
0 0 5.127 0 0 0 0 0 0 0 0 
0 0 0 0 4.3706 0 6.758 0 0 5.5554 0 
0 0 0 0 0 3.7086 0 0 5.5554 0 0 
0 0 0 0 0 0 7.9209 0 0 0 0 
