0 0 0 0 0 0 0 0 0 0 0 
0 0 1.8036 2.7566 0 0 0 0 0 0 0 
0 1.8036 0 3.7285 9.7627 0 4.9738 5.3279 0 0 0 
0 2.7566 3.7285 0 1.992 2.3349 8.2095 0 0 0 0 
0 0 9.7627 1.992 0 0 6.8587 0 4.6261 0 0 
0 0 0 2.3349 0 0 0 0 0 3.8893 0 
0 0 4.9738 8.2095 6.8587 0 0 0 6.9372 0 7.9027 
0 0 5.3279 0 0 0 0 0 0 0 0 
0 0 0 0 4.6261 0 6.9372 0 0 5.5282 0 
0 0 0 0 0 3.8893 0 0 5.5282 0 0 
0 0 0 0 0 0 7.9027 0 0 0 0 
