0 0 0 0 0 0 0 0 0 0 0 
0 0 1.6341 2.2163 0 0 0 0 0 0 0 
0 1.6341 0 3.5412 9.2942 0 4.2223 5.3385 0 0 0 
0 2.2163 3.5412 0 1.2912 2.9635 8.678 0 0 0 0 
0 0 9.2942 1.2912 0 0 6.5921 0 4.0504 0 0 
0 0 0 2.9635 0 0 0 0 0 3.2763 0 
0 0 4.2223 8.678 6.5921 0 0 0 6.5278 0 7.7593 
0 0 5.3385 0 0 0 0 0 0 0 0 
0 0 0 0 4.0504 0 6.5278 0 0 5.6095 0 
0 0 0 0 0 3.2763 0 0 5.6095 0 0 
0 0 0 0 0 0 7.7593 0 0 0 0 
