0 0 0 0 0 0 0 0 0 0 0 
0 0 1.1246 2.2596 0 0 0 0 0 0 0 
0 1.1246 0 3.4108 9.923 0 4.1204 5.4562 0 0 0 
0 2.2596 3.4108 0 1.6509 2.6906 8.6076 0 0 0 0 
0 0 9.923 1.6509 0 0 6.963 0 4.7001 0 0 
0 0 0 2.6906 0 0 0 0 0 3.1731 0 
0 0 4.1204 8.6076 6.963 0 0 0 6.0262 0 7.9669 
0 0 5.4562 0 0 0 0 0 0 0 0 
0 0 0 0 4.7001 0 6.0262 0 0 5.4537 0 
0 0 0 0 0 3.1731 0 0 5.4537 0 0 
0 0 0 0 0 0 7.9669 0 0 0 0 
