0 0 0 0 0 0 0 0 0 0 0 
0 0 1.6685 2.0074 0 0 0 0 0 0 0 
0 1.6685 0 3.877 9.7611 0 4.2731 5.1778 0 0 0 
0 2.0074 3.877 0 1.9588 2.5099 8.2604 0 0 0 0 
0 0 9.7611 1.9588 0 0 6.2618 0 4.7021 0 0 
0 0 0 2.5099 0 0 0 0 0 3.3856 0 
0 0 4.2731 8.2604 6.2618 0 0 0 6.0263 0 7.4007 
0 0 5.1778 0 0 0 0 0 0 0 0 
0 0 0 0 4.7021 0 6.0263 0 0 5.6726 0 
0 0 0 0 0 3.3856 0 0 5.6726 0 0 
0 0 0 0 0 0 7.4007 0 0 0 0 
