0 0 0 0 0 0 0 0 0 0 0 
0 0 1.6955 2.6645 0 0 0 0 0 0 0 
0 1.6955 0 3.8454 9.0329 0 4.8187 5.5359 0 0 0 
0 2.6645 3.8454 0 1.0158 2.6501 8.2974 0 0 0 0 
0 0 9.0329 1.0158 0 0 6.9214 0 4.7635 0 0 
0 0 0 2.6501 0 0 0 0 0 3.8221 0 
0 0 4.8187 8.2974 6.9214 0 0 0 6.9696 0 7.3031 
0 0 5.5359 0 0 0 0 0 0 0 0 
0 0 0 0 4.7635 0 6.9696 0 0 5.6315 0 
0 0 0 0 0 3.8221 0 0 5.6315 0 0 
0 0 0 0 0 0 7.3031 0 0 0 0 
