0 0 0 0 0 0 0 0 0 0 0 
0 0 1.3822 2.415 0 0 0 0 0 0 0 
0 1.3822 0 3.5955 9.0451 0 4.5097 5.4845 0 0 0 
0 2.415 3.5955 0 1.3762 2.4084 8.6923 0 0 0 0 
0 0 9.0451 1.3762 0 0 6.6764 0 4.0614 0 0 
0 0 0 2.4084 0 0 0 0 0 3.2462 0 
0 0 4.5097 8.6923 6.6764 0 0 0 6.2588 0 7.3893 
0 0 5.4845 0 0 0 0 0 0 0 0 
0 0 0 0 4.0614 0 6.2588 0 0 5.7263 0 
0 0 0 0 0 3.2462 0 0 5.7263 0 0 
0 0 0 0 0 0 7.3893 0 0 0 0 
