0 0 0 0 0 0 0 0 0 0 0 
0 0 1.8406 2.5359 0 0 0 0 0 0 0 
0 1.8406 0 3.7337 9.1225 0 4.0982 5.0454 0 0 0 
0 2.5359 3.7337 0 1.0032 2.1231 8.7236 0 0 0 0 
0 0 9.1225 1.0032 0 0 6.2313 0 4.89 0 0 
0 0 0 2.1231 0 0 0 0 0 3.7162 0 
0 0 4.0982 8.7236 6.2313 0 0 0 6.412 0 7.3975 
0 0 5.0454 0 0 0 0 0 0 0 0 
0 0 0 0 4.89 0 6.412 0 0 5.3379 0 
0 0 0 0 0 3.7162 0 0 5.3379 0 0 
0 0 0 0 0 0 7.3975 0 0 0 0 
