0 0 0 0 0 0 0 0 0 0 0 
0 0 1.2941 2.8875 0 0 0 0 0 0 0 
0 1.2941 0 3.1064 9.2086 0 4.6297 5.1686 0 0 0 
0 2.8875 3.1064 0 1.0619 2.0546 8.0226 0 0 0 0 
0 0 9.2086 1.0619 0 0 6.8328 0 4.9617 0 0 
0 0 0 2.0546 0 0 0 0 0 3.3109 0 
0 0 4.6297 8.0226 6.8328 0 0 0 6.1635 0 7.6288 
0 0 5.1686 0 0 0 0 0 0 0 0 
0 0 0 0 4.9617 0 6.1635 0 0 5.9287 0 
0 0 0 0 0 3.3109 0 0 5.9287 0 0 
0 0 0 0 0 0 7.6288 0 0 0 0 
