0 0 0 0 0 0 0 0 0 0 0 
0 0 1.9014 2.044 0 0 0 0 0 0 0 
0 1.9014 0 3.1141 9.5997 0 4.153 5.7956 0 0 0 
0 2.044 3.1141 0 1.182 2.99 8.1826 0 0 0 0 
0 0 9.5997 1.182 0 0 6.7215 0 4.0389 0 0 
0 0 0 2.99 0 0 0 0 0 3.4257 0 
0 0 4.153 8.1826 6.7215 0 0 0 6.3457 0 7.6551 
0 0 5.7956 0 0 0 0 0 0 0 0 
0 0 0 0 4.0389 0 6.3457 0 0 5.1044 0 
0 0 0 0 0 3.4257 0 0 5.1044 0 0 
0 0 0 0 0 0 7.6551 0 0 0 0 
