0 0 0 0 0 0 0 0 0 0 0 
0 0 1.3657 2.6346 0 0 0 0 0 0 0 
0 1.3657 0 3.1764 9.5277 0 4.1237 5.7033 0 0 0 
0 2.6346 3.1764 0 1.7946 2.5126 8.0779 0 0 0 0 
0 0 9.5277 1.7946 0 0 6.2787 0 4.3123 0 0 
0 0 0 2.5126 0 0 0 0 0 3.655 0 
0 0 4.1237 8.0779 6.2787 0 0 0 6.6132 0 7.0465 
0 0 5.7033 0 0 0 0 0 0 0 0 
0 0 0 0 4.3123 0 6.6132 0 0 5.6949 0 
0 0 0 0 0 3.655 0 0 5.6949 0 0 
0 0 0 0 0 0 7.0465 0 0 0 0 
