0 0 0 0 0 0 0 0 0 0 0 
0 0 1.5327 2.5226 0 0 0 0 0 0 0 
0 1.5327 0 3.4716 9.0683 0 4.0697 5.9141 0 0 0 
0 2.5226 3.4716 0 1.2944 2.2629 8.431 0 0 0 0 
0 0 9.0683 1.2944 0 0 6.1335 0 4.13 0 0 
0 0 0 2.2629 0 0 0 0 0 3.2095 0 
0 0 4.0697 8.431 6.1335 0 0 0 6.1812 0 7.3208 
0 0 5.9141 0 0 0 0 0 0 0 0 
0 0 0 0 4.13 0 6.1812 0 0 5.1186 0 
0 0 0 0 0 3.2095 0 0 5.1186 0 0 
0 0 0 0 0 0 7.3208 0 0 0 0 
