0 0 0 0 0 0 0 0 0 0 0 
0 0 1.7066 2.15 0 0 0 0 0 0 0 
0 1.7066 0 3.5194 9.2297 0 4.2746 5.7372 0 0 0 
0 2.15 3.5194 0 1.5569 2.1244 8.3772 0 0 0 0 
0 0 9.2297 1.5569 0 0 6.959 0 4.9707 0 0 
0 0 0 2.1244 0 0 0 0 0 3.5353 0 
0 0 4.2746 8.3772 6.959 0 0 0 6.5214 0 7.6871 
0 0 5.7372 0 0 0 0 0 0 0 0 
0 0 0 0 4.9707 0 6.5214 0 0 5.1319 0 
0 0 0 0 0 3.5353 0 0 5.1319 0 0 
0 0 0 0 0 0 7.6871 0 0 0 0 
