0 0 0 0 0 0 0 0 0 0 0 
0 0 1.3231 2.7813 0 0 0 0 0 0 0 
0 1.3231 0 3.1234 9.2974 0 4.4812 5.656 0 0 0 
0 2.7813 3.1234 0 1.0826 2.0595 8.9323 0 0 0 0 
0 0 9.2974 1.0826 0 0 6.7607 0 4.4563 0 0 
0 0 0 2.0595 0 0 0 0 0 3.3152 0 
0 0 4.4812 8.9323 6.7607 0 0 0 6.9022 0 7.2683 
0 0 5.656 0 0 0 0 0 0 0 0 
0 0 0 0 4.4563 0 6.9022 0 0 5.2509 0 
0 0 0 0 0 3.3152 0 0 5.2509 0 0 
0 0 0 0 0 0 7.2683 0 0 0 0 
