0 0 0 0 0 0 0 0 0 0 0 
0 0 1.4459 2.2255 0 0 0 0 0 0 0 
0 1.4459 0 3.085 9.2717 0 4.6767 5.3449 0 0 0 
0 2.2255 3.085 0 1.9462 2.3446 8.2136 0 0 0 0 
0 0 9.2717 1.9462 0 0 6.7808 0 4.7936 0 0 
0 0 0 2.3446 0 0 0 0 0 3.058 0 
0 0 4.6767 8.2136 6.7808 0 0 0 6.7799 0 7.611 
0 0 5.3449 0 0 0 0 0 0 0 0 
0 0 0 0 4.7936 0 6.7799 0 0 5.7388 0 
0 0 0 0 0 3.058 0 0 5.7388 0 0 
0 0 0 0 0 0 7.611 0 0 0 0 
