0 0 0 0 0 0 0 0 0 0 0 
0 0 1.1281 2.3681 0 0 0 0 0 0 0 
0 1.1281 0 3.1315 9.4464 0 4.3699 5.5261 0 0 0 
0 2.3681 3.1315 0 1.0656 2.5295 8.8254 0 0 0 0 
0 0 9.4464 1.0656 0 0 6.9445 0 4.9741 0 0 
0 0 0 2.5295 0 0 0 0 0 3.8141 0 
0 0 4.3699 8.8254 6.9445 0 0 0 6.6281 0 7.8583 
0 0 5.5261 0 0 0 0 0 0 0 0 
0 0 0 0 4.9741 0 6.6281 0 0 5.8684 0 
0 0 0 0 0 3.8141 0 0 5.8684 0 0 
0 0 0 0 0 0 7.8583 0 0 0 0 
