0 0 0 0 0 0 0 0 0 0 0 
0 0 1.6512 2.5001 0 0 0 0 0 0 0 
0 1.6512 0 3.2949 9.7255 0 4.1542 5.2437 0 0 0 
0 2.5001 3.2949 0 1.1694 2.0574 8.5329 0 0 0 0 
0 0 9.7255 1.1694 0 0 6.4847 0 4.2968 0 0 
0 0 0 2.0574 0 0 0 0 0 3.0938 0 
0 0 4.1542 8.5329 6.4847 0 0 0 6.587 0 7.5696 
0 0 5.2437 0 0 0 0 0 0 0 0 
0 0 0 0 4.2968 0 6.587 0 0 5.8947 0 
0 0 0 0 0 3.0938 0 0 5.8947 0 0 
0 0 0 0 0 0 7.5696 0 0 0 0 
