0 0 0 0 0 0 0 0 0 0 0 
0 0 1.6998 2.8845 0 0 0 0 0 0 0 
0 1.6998 0 3.4121 9.3063 0 4.9702 5.6481 0 0 0 
0 2.8845 3.4121 0 1.428 2.6691 8.415 0 0 0 0 
0 0 9.3063 1.428 0 0 6.2989 0 4.0071 0 0 
0 0 0 2.6691 0 0 0 0 0 3.2678 0 
0 0 4.9702 8.415 6.2989 0 0 0 6.646 0 7.5504 
0 0 5.6481 0 0 0 0 0 0 0 0 
0 0 0 0 4.0071 0 6.646 0 0 5.224 0 
0 0 0 0 0 3.2678 0 0 5.224 0 0 
0 0 0 0 0 0 7.5504 0 0 0 0 
