0 0 0 0 0 0 0 0 0 0 0 
0 0 1.148 2.8912 0 0 0 0 0 0 0 
0 1.148 0 3.2282 9.8175 0 4.7401 5.3414 0 0 0 
0 2.8912 3.2282 0 1.0549 2.5812 8.0196 0 0 0 0 
0 0 9.8175 1.0549 0 0 6.5199 0 4.2765 0 0 
0 0 0 2.5812 0 0 0 0 0 3.3743 0 
0 0 4.7401 8.0196 6.5199 0 0 0 6.5609 0 7.0903 
0 0 5.3414 0 0 0 0 0 0 0 0 
0 0 0 0 4.2765 0 6.5609 0 0 5.8716 0 
0 0 0 0 0 3.3743 0 0 5.8716 0 0 
0 0 0 0 0 0 7.0903 0 0 0 0 
