0 0 0 0 0 0 0 0 0 0 0 
0 0 1.2259 2.8811 0 0 0 0 0 0 0 
0 1.2259 0 3.778 9.1403 0 4.4284 5.4451 0 0 0 
0 2.8811 3.778 0 1.9441 2.1808 8.5762 0 0 0 0 
0 0 9.1403 1.9441 0 0 6.2013 0 4.5969 0 0 
0 0 0 2.1808 0 0 0 0 0 3.3646 0 
0 0 4.4284 8.5762 6.2013 0 0 0 6.3944 0 7.4412 
0 0 5.4451 0 0 0 0 0 0 0 0 
0 0 0 0 4.5969 0 6.3944 0 0 5.5995 0 
0 0 0 0 0 3.3646 0 0 5.5995 0 0 
0 0 0 0 0 0 7.4412 0 0 0 0 
