0 0 0 0 0 0 0 0 0 0 0 
0 0 1.6974 2.1826 0 0 0 0 0 0 0 
0 1.6974 0 3.5384 9.6173 0 4.6346 5.4493 0 0 0 
0 2.1826 3.5384 0 1.9919 2.8825 8.303 0 0 0 0 
0 0 9.6173 1.9919 0 0 6.0607 0 4.8963 0 0 
0 0 0 2.8825 0 0 0 0 0 3.2032 0 
0 0 4.6346 8.303 6.0607 0 0 0 6.8629 0 7.1113 
0 0 5.4493 0 0 0 0 0 0 0 0 
0 0 0 0 4.8963 0 6.8629 0 0 5.896 0 
0 0 0 0 0 3.2032 0 0 5.896 0 0 
0 0 0 0 0 0 7.1113 0 0 0 0 
