0 0 0 0 0 0 0 0 0 0 0 
0 0 1.5368 2.4442 0 0 0 0 0 0 0 
0 1.5368 0 3.5696 9.7268 0 4.041 5.3994 0 0 0 
0 2.4442 3.5696 0 1.7522 2.5639 8.0275 0 0 0 0 
0 0 9.7268 1.7522 0 0 6.1157 0 4.1192 0 0 
0 0 0 2.5639 0 0 0 0 0 3.2559 0 
0 0 4.041 8.0275 6.1157 0 0 0 6.9998 0 7.3239 
0 0 5.3994 0 0 0 0 0 0 0 0 
0 0 0 0 4.1192 0 6.9998 0 0 5.0244 0 
0 0 0 0 0 3.2559 0 0 5.0244 0 0 
0 0 0 0 0 0 7.3239 0 0 0 0 
