0 0 0 0 0 0 0 0 0 0 0 
0 0 1.8881 2.1179 0 0 0 0 0 0 0 
0 1.8881 0 3.4584 9.2836 0 4.1462 5.9383 0 0 0 
0 2.1179 3.4584 0 1.6194 2.7329 8.5621 0 0 0 0 
0 0 9.2836 1.6194 0 0 6.0921 0 4.6777 0 0 
0 0 0 2.7329 0 0 0 0 0 3.0503 0 
0 0 4.1462 8.5621 6.0921 0 0 0 6.2291 0 7.5387 
0 0 5.9383 0 0 0 0 0 0 0 0 
0 0 0 0 4.6777 0 6.2291 0 0 5.0314 0 
0 0 0 0 0 3.0503 0 0 5.0314 0 0 
0 0 0 0 0 0 7.5387 0 0 0 0 
