0 0 0 0 0 0 0 0 0 0 0 
0 0 1.0065 2.7186 0 0 0 0 0 0 0 
0 1.0065 0 3.7015 9.6045 0 4.9144 5.0784 0 0 0 
0 2.7186 3.7015 0 1.2997 2.4589 8.2974 0 0 0 0 
0 0 9.6045 1.2997 0 0 6.6122 0 4.4525 0 0 
0 0 0 2.4589 0 0 0 0 0 3.7446 0 
0 0 4.9144 8.2974 6.6122 0 0 0 6.0418 0 7.2164 
0 0 5.0784 0 0 0 0 0 0 0 0 
0 0 0 0 4.4525 0 6.0418 0 0 5.5571 0 
0 0 0 0 0 3.7446 0 0 5.5571 0 0 
0 0 0 0 0 0 7.2164 0 0 0 0 
