0 0 0 0 0 0 0 0 0 0 0 
0 0 1.5143 2.5127 0 0 0 0 0 0 0 
0 1.5143 0 3.832 9.9356 0 4.5992 5.5349 0 0 0 
0 2.5127 3.832 0 1.7772 2.0703 8.5053 0 0 0 0 
0 0 9.9356 1.7772 0 0 6.4704 0 4.4606 0 0 
0 0 0 2.0703 0 0 0 0 0 3.3533 0 
0 0 4.5992 8.5053 6.4704 0 0 0 6.2266 0 7.3961 
0 0 5.5349 0 0 0 0 0 0 0 0 
0 0 0 0 4.4606 0 6.2266 0 0 5.6317 0 
0 0 0 0 0 3.3533 0 0 5.6317 0 0 
0 0 0 0 0 0 7.3961 0 0 0 0 
