0 0 0 0 0 0 0 0 0 0 0 
0 0 1.9934 2.1993 0 0 0 0 0 0 0 
0 1.9934 0 3.6669 9.7808 0 4.3972 5.2532 0 0 0 
0 2.1993 3.6669 0 1.34 2.7567 9.0 0 0 0 0 
0 0 9.7808 1.34 0 0 6.1045 0 4.2646 0 0 
0 0 0 2.7567 0 0 0 0 0 3.0849 0 
0 0 4.3972 9.0 6.1045 0 0 0 6.9879 0 7.9512 
0 0 5.2532 0 0 0 0 0 0 0 0 
0 0 0 0 4.2646 0 6.9879 0 0 5.9119 0 
0 0 0 0 0 3.0849 0 0 5.9119 0 0 
0 0 0 0 0 0 7.9512 0 0 0 0 
