0 0 0 0 0 0 0 0 0 0 0 
0 0 1.6227 2.9807 0 0 0 0 0 0 0 
0 1.6227 0 3.0527 9.0062 0 4.5857 5.3772 0 0 0 
0 2.9807 3.0527 0 1.3091 2.337 8.1113 0 0 0 0 
0 0 9.0062 1.3091 0 0 6.9092 0 4.2118 0 0 
0 0 0 2.337 0 0 0 0 0 3.4273 0 
0 0 4.5857 8.1113 6.9092 0 0 0 6.4058 0 7.3846 
0 0 5.3772 0 0 0 0 0 0 0 0 
0 0 0 0 4.2118 0 6.4058 0 0 5.4821 0 
0 0 0 0 0 3.4273 0 0 5.4821 0 0 
0 0 0 0 0 0 7.3846 0 0 0 0 
