0 0 0 0 0 0 0 0 0 0 0 
0 0 10.6985 20.2995 0 0 0 0 0 0 0 
0 10.6985 0 30.8578 90.9814 0 40.4685 50.0939 0 0 0 
0 20.2995 30.8578 0 10.1867 20.4085 80.5479 0 0 0 0 
0 0 90.9814 10.1867 0 0 60.5892 0 40.1908 0 0 
0 0 0 20.4085 0 0 0 0 0 30.846 0 
0 0 40.4685 80.5479 60.5892 0 0 0 60.7043 0 70.4761 
0 0 50.0939 0 0 0 0 0 0 0 0 
0 0 0 0 40.1908 0 60.7043 0 0 50.3648 0 
0 0 0 0 0 30.846 0 0 50.3648 0 0 
0 0 0 0 0 0 70.4761 0 0 0 0 
