0 0 0 0 0 0 0 0 0 0 0 
0 0 10.7451 20.0134 0 0 0 0 0 0 0 
0 10.7451 0 30.3147 90.5997 0 40.8433 50.3518 0 0 0 
0 20.0134 30.3147 0 10.3659 20.7155 80.7885 0 0 0 0 
0 0 90.5997 10.3659 0 0 60.6448 0 40.4735 0 0 
0 0 0 20.7155 0 0 0 0 0 30.0799 0 
0 0 40.8433 80.7885 60.6448 0 0 0 60.7127 0 70.6326 
0 0 50.3518 0 0 0 0 0 0 0 0 
0 0 0 0 40.4735 0 60.7127 0 0 50.0784 0 
0 0 0 0 0 30.0799 0 0 50.0784 0 0 
0 0 0 0 0 0 70.6326 0 0 0 0 
