0 0 0 0 0 0 0 0 0 0 0 
0 0 10.6464 20.0848 0 0 0 0 0 0 0 
0 10.6464 0 30.3374 90.7006 0 40.5739 50.5088 0 0 0 
0 20.0848 30.3374 0 10.3542 20.6352 80.2248 0 0 0 0 
0 0 90.7006 10.3542 0 0 60.7621 0 40.136 0 0 
0 0 0 20.6352 0 0 0 0 0 30.6867 0 
0 0 40.5739 80.2248 60.7621 0 0 0 60.3986 0 70.2091 
0 0 50.5088 0 0 0 0 0 0 0 0 
0 0 0 0 40.136 0 60.3986 0 0 50.7325 0 
0 0 0 0 0 30.6867 0 0 50.7325 0 0 
0 0 0 0 0 0 70.2091 0 0 0 0 
