0 0 0 0 0 0 0 0 0 0 0 
0 0 10.6161 20.8733 0 0 0 0 0 0 0 
0 10.6161 0 30.0855 90.174 0 40.0265 50.3025 0 0 0 
0 20.8733 30.0855 0 10.7014 20.628 80.6918 0 0 0 0 
0 0 90.174 10.7014 0 0 60.3837 0 40.7639 0 0 
0 0 0 20.628 0 0 0 0 0 30.6985 0 
0 0 40.0265 80.6918 60.3837 0 0 0 60.7712 0 70.0518 
0 0 50.3025 0 0 0 0 0 0 0 0 
0 0 0 0 40.7639 0 60.7712 0 0 50.8047 0 
0 0 0 0 0 30.6985 0 0 50.8047 0 0 
0 0 0 0 0 0 70.0518 0 0 0 0 
