0 0 0 0 0 0 0 0 0 0 0 
0 0 10.5631 20.9283 0 0 0 0 0 0 0 
0 10.5631 0 30.2092 90.1836 0 40.9069 50.2286 0 0 0 
0 20.9283 30.2092 0 10.1478 20.1107 80.4178 0 0 0 0 
0 0 90.1836 10.1478 0 0 60.1865 0 40.5784 0 0 
0 0 0 20.1107 0 0 0 0 0 30.4921 0 
0 0 40.9069 80.4178 60.1865 0 0 0 60.5195 0 70.5276 
0 0 50.2286 0 0 0 0 0 0 0 0 
0 0 0 0 40.5784 0 60.5195 0 0 50.6214 0 
0 0 0 0 0 30.4921 0 0 50.6214 0 0 
0 0 0 0 0 0 70.5276 0 0 0 0 
