0 0 0 0 0 0 0 0 0 0 0 
0 0 10.2437 20.6168 0 0 0 0 0 0 0 
0 10.2437 0 30.1115 90.1982 0 40.4669 50.9243 0 0 0 
0 20.6168 30.1115 0 10.3662 20.9714 80.8695 0 0 0 0 
0 0 90.1982 10.3662 0 0 60.2995 0 40.5989 0 0 
0 0 0 20.9714 0 0 0 0 0 30.1518 0 
0 0 40.4669 80.8695 60.2995 0 0 0 60.3512 0 70.2603 
0 0 50.9243 0 0 0 0 0 0 0 0 
0 0 0 0 40.5989 0 60.3512 0 0 50.2138 0 
0 0 0 0 0 30.1518 0 0 50.2138 0 0 
0 0 0 0 0 0 70.2603 0 0 0 0 
