0 0 0 0 0 0 0 0 0 0 0 
0 0 10.0197 20.0241 0 0 0 0 0 0 0 
0 10.0197 0 30.0154 90.4838 0 40.8367 50.5373 0 0 0 
0 20.0241 30.0154 0 10.6174 20.0465 80.6477 0 0 0 0 
0 0 90.4838 10.6174 0 0 60.4594 0 40.1368 0 0 
0 0 0 20.0465 0 0 0 0 0 30.1177 0 
0 0 40.8367 80.6477 60.4594 0 0 0 60.5991 0 70.9757 
0 0 50.5373 0 0 0 0 0 0 0 0 
0 0 0 0 40.1368 0 60.5991 0 0 50.4191 0 
0 0 0 0 0 30.1177 0 0 50.4191 0 0 
0 0 0 0 0 0 70.9757 0 0 0 0 
