0 0 0 0 0 0 0 0 0 0 0 
0 0 10.35 20.8032 0 0 0 0 0 0 0 
0 10.35 0 30.4813 90.4774 0 40.6543 50.6755 0 0 0 
0 20.8032 30.4813 0 10.1799 20.4153 80.6289 0 0 0 0 
0 0 90.4774 10.1799 0 0 60.1643 0 40.2556 0 0 
0 0 0 20.4153 0 0 0 0 0 30.2484 0 
0 0 40.6543 80.6289 60.1643 0 0 0 60.0427 0 70.5975 
0 0 50.6755 0 0 0 0 0 0 0 0 
0 0 0 0 40.2556 0 60.0427 0 0 50.1624 0 
0 0 0 0 0 30.2484 0 0 50.1624 0 0 
0 0 0 0 0 0 70.5975 0 0 0 0 
