0 0 0 0 0 0 0 0 0 0 0 
0 0 10.4387 20.4724 0 0 0 0 0 0 0 
0 10.4387 0 30.8099 90.8245 0 40.2354 50.4224 0 0 0 
0 20.4724 30.8099 0 10.0889 20.6647 80.5805 0 0 0 0 
0 0 90.8245 10.0889 0 0 60.901 0 40.8155 0 0 
0 0 0 20.6647 0 0 0 0 0 30.6889 0 
0 0 40.2354 80.5805 60.901 0 0 0 60.9358 0 70.8766 
0 0 50.4224 0 0 0 0 0 0 0 0 
0 0 0 0 40.8155 0 60.9358 0 0 50.9039 0 
0 0 0 0 0 30.6889 0 0 50.9039 0 0 
0 0 0 0 0 0 70.8766 0 0 0 0 
