0 0 0 0 0 0 0 0 0 0 0 
0 0 10.1462 20.5854 0 0 0 0 0 0 0 
0 10.1462 0 30.0406 90.0526 0 40.4517 50.4311 0 0 0 
0 20.5854 30.0406 0 10.6531 20.2699 80.1953 0 0 0 0 
0 0 90.0526 10.6531 0 0 60.2028 0 40.772 0 0 
0 0 0 20.2699 0 0 0 0 0 30.6145 0 
0 0 40.4517 80.1953 60.2028 0 0 0 60.8409 0 70.6727 
0 0 50.4311 0 0 0 0 0 0 0 0 
0 0 0 0 40.772 0 60.8409 0 0 50.4057 0 
0 0 0 0 0 30.6145 0 0 50.4057 0 0 
0 0 0 0 0 0 70.6727 0 0 0 0 
