0 0 0 0 0 0 0 0 0 0 0 
0 0 10.3915 20.5168 0 0 0 0 0 0 0 
0 10.3915 0 30.4905 90.32 0 40.0447 50.8619 0 0 0 
0 20.5168 30.4905 0 10.1904 20.7762 80.2698 0 0 0 0 
0 0 90.32 10.1904 0 0 60.9043 0 40.0202 0 0 
0 0 0 20.7762 0 0 0 0 0 30.8274 0 
0 0 40.0447 80.2698 60.9043 0 0 0 60.4939 0 70.2408 
0 0 50.8619 0 0 0 0 0 0 0 0 
0 0 0 0 40.0202 0 60.4939 0 0 50.1763 0 
0 0 0 0 0 30.8274 0 0 50.1763 0 0 
0 0 0 0 0 0 70.2408 0 0 0 0 
