0 0 0 0 0 0 0 0 0 0 0 
0 0 10.5796 20.6793 0 0 0 0 0 0 0 
0 10.5796 0 30.2914 90.0614 0 40.9684 50.6126 0 0 0 
0 20.6793 30.2914 0 10.3082 20.3286 80.6575 0 0 0 0 
0 0 90.0614 10.3082 0 0 60.1513 0 40.2774 0 0 
0 0 0 20.3286 0 0 0 0 0 30.4039 0 
0 0 40.9684 80.6575 60.1513 0 0 0 60.455 0 70.8478 
0 0 50.6126 0 0 0 0 0 0 0 0 
0 0 0 0 40.2774 0 60.455 0 0 50.9098 0 
0 0 0 0 0 30.4039 0 0 50.9098 0 0 
0 0 0 0 0 0 70.8478 0 0 0 0 
