0 0 0 0 0 0 0 0 0 0 0 
0 0 10.3933 20.3713 0 0 0 0 0 0 0 
0 10.3933 0 30.9293 90.0811 0 40.5709 50.6227 0 0 0 
0 20.3713 30.9293 0 10.049 20.31 80.2824 0 0 0 0 
0 0 90.0811 10.049 0 0 60.0609 0 40.6126 0 0 
0 0 0 20.31 0 0 0 0 0 30.1594 0 
0 0 40.5709 80.2824 60.0609 0 0 0 60.8372 0 70.7812 
0 0 50.6227 0 0 0 0 0 0 0 0 
0 0 0 0 40.6126 0 60.8372 0 0 50.8462 0 
0 0 0 0 0 30.1594 0 0 50.8462 0 0 
0 0 0 0 0 0 70.7812 0 0 0 0 
