0 0 0 0 0 0 0 0 0 0 0 
0 0 10.2435 20.46 0 0 0 0 0 0 0 
0 10.2435 0 30.4064 90.0702 0 40.8415 50.3416 0 0 0 
0 20.46 30.4064 0 10.8882 20.5373 80.3319 0 0 0 0 
0 0 90.0702 10.8882 0 0 60.4181 0 40.9804 0 0 
0 0 0 20.5373 0 0 0 0 0 30.864 0 
0 0 40.8415 80.3319 60.4181 0 0 0 60.3418 0 70.8457 
0 0 50.3416 0 0 0 0 0 0 0 0 
0 0 0 0 40.9804 0 60.3418 0 0 50.0956 0 
0 0 0 0 0 30.864 0 0 50.0956 0 0 
0 0 0 0 0 0 70.8457 0 0 0 0 
