0 0 0 0 0 0 0 0 0 0 0 
0 0 10.9304 20.4558 0 0 0 0 0 0 0 
0 10.9304 0 30.3988 90.8603 0 40.839 50.0375 0 0 0 
0 20.4558 30.3988 0 10.1789 20.0544 80.3055 0 0 0 0 
0 0 90.8603 10.1789 0 0 60.7506 0 40.2131 0 0 
0 0 0 20.0544 0 0 0 0 0 30.1506 0 
0 0 40.839 80.3055 60.7506 0 0 0 60.5475 0 70.5058 
0 0 50.0375 0 0 0 0 0 0 0 0 
0 0 0 0 40.2131 0 60.5475 0 0 50.6945 0 
0 0 0 0 0 30.1506 0 0 50.6945 0 0 
0 0 0 0 0 0 70.5058 0 0 0 0 
