0 0 0 0 0 0 0 0 0 0 0 
0 0 10.3646 20.9036 0 0 0 0 0 0 0 
0 10.3646 0 30.0673 90.4404 0 40.325 50.7083 0 0 0 
0 20.9036 30.0673 0 10.3963 20.1851 80.764 0 0 0 0 
0 0 90.4404 10.3963 0 0 60.9662 0 40.9521 0 0 
0 0 0 20.1851 0 0 0 0 0 30.9118 0 
0 0 40.325 80.764 60.9662 0 0 0 60.7816 0 70.9664 
0 0 50.7083 0 0 0 0 0 0 0 0 
0 0 0 0 40.9521 0 60.7816 0 0 50.3429 0 
0 0 0 0 0 30.9118 0 0 50.3429 0 0 
0 0 0 0 0 0 70.9664 0 0 0 0 
