0 0 0 0 0 0 0 0 0 0 0 
0 0 10.7806 20.3581 0 0 0 0 0 0 0 
0 10.7806 0 30.107 90.3727 0 40.0306 50.2982 0 0 0 
0 20.3581 30.107 0 10.6965 20.3254 80.7301 0 0 0 0 
0 0 90.3727 10.6965 0 0 60.8083 0 40.9104 0 0 
0 0 0 20.3254 0 0 0 0 0 30.9091 0 
0 0 40.0306 80.7301 60.8083 0 0 0 60.2684 0 70.0632 
0 0 50.2982 0 0 0 0 0 0 0 0 
0 0 0 0 40.9104 0 60.2684 0 0 50.5195 0 
0 0 0 0 0 30.9091 0 0 50.5195 0 0 
0 0 0 0 0 0 70.0632 0 0 0 0 
