0 0 0 0 0 0 0 0 0 0 0 
0 0 10.9769 20.6535 0 0 0 0 0 0 0 
0 10.9769 0 30.8202 90.246 0 40.4698 50.7423 0 0 0 
0 20.6535 30.8202 0 10.871 20.9606 80.189 0 0 0 0 
0 0 90.246 10.871 0 0 60.3385 0 40.1267 0 0 
0 0 0 20.9606 0 0 0 0 0 30.6281 0 
0 0 40.4698 80.189 60.3385 0 0 0 60.5075 0 70.1329 
0 0 50.7423 0 0 0 0 0 0 0 0 
0 0 0 0 40.1267 0 60.5075 0 0 50.3652 0 
0 0 0 0 0 30.6281 0 0 50.3652 0 0 
0 0 0 0 0 0 70.1329 0 0 0 0 
