0 0 0 0 0 0 0 0 0 0 0 
0 0 10.1824 20.5086 0 0 0 0 0 0 0 
0 10.1824 0 30.4118 90.7648 0 40.0271 50.6457 0 0 0 
0 20.5086 30.4118 0 10.9737 20.4171 80.8154 0 0 0 0 
0 0 90.7648 10.9737 0 0 60.4829 0 40.2015 0 0 
0 0 0 20.4171 0 0 0 0 0 30.2167 0 
0 0 40.0271 80.8154 60.4829 0 0 0 60.5625 0 70.1875 
0 0 50.6457 0 0 0 0 0 0 0 0 
0 0 0 0 40.2015 0 60.5625 0 0 50.1787 0 
0 0 0 0 0 30.2167 0 0 50.1787 0 0 
0 0 0 0 0 0 70.1875 0 0 0 0 
