0 0 0 0 0 0 0 0 0 0 0 
0 0 10.4518 20.4175 0 0 0 0 0 0 0 
0 10.4518 0 30.8357 90.6523 0 40.8193 50.9034 0 0 0 
0 20.4175 30.8357 0 10.7369 20.191 80.1767 0 0 0 0 
0 0 90.6523 10.7369 0 0 60.3524 0 40.1026 0 0 
0 0 0 20.191 0 0 0 0 0 30.4896 0 
0 0 40.8193 80.1767 60.3524 0 0 0 60.2456 0 70.4116 
0 0 50.9034 0 0 0 0 0 0 0 0 
0 0 0 0 40.1026 0 60.2456 0 0 50.9058 0 
0 0 0 0 0 30.4896 0 0 50.9058 0 0 
0 0 0 0 0 0 70.4116 0 0 0 0 
