0 0 0 0 0 0 0 0 0 0 0 
0 0 10.2122 20.5121 0 0 0 0 0 0 0 
0 10.2122 0 30.2028 90.4656 0 40.8984 50.3932 0 0 0 
0 20.5121 30.2028 0 10.9513 20.6631 80.4535 0 0 0 0 
0 0 90.4656 10.9513 0 0 60.0599 0 40.4545 0 0 
0 0 0 20.6631 0 0 0 0 0 30.6662 0 
0 0 40.8984 80.4535 60.0599 0 0 0 60.5545 0 70.7313 
0 0 50.3932 0 0 0 0 0 0 0 0 
0 0 0 0 40.4545 0 60.5545 0 0 50.2163 0 
0 0 0 0 0 30.6662 0 0 50.2163 0 0 
0 0 0 0 0 0 70.7313 0 0 0 0 
