0 0 0 0 0 0 0 0 0 0 0 
0 0 10.983 20.5104 0 0 0 0 0 0 0 
0 10.983 0 30.8171 90.1233 0 40.0523 50.1124 0 0 0 
0 20.5104 30.8171 0 10.3933 20.4426 80.4137 0 0 0 0 
0 0 90.1233 10.3933 0 0 60.1276 0 40.9406 0 0 
0 0 0 20.4426 0 0 0 0 0 30.9229 0 
0 0 40.0523 80.4137 60.1276 0 0 0 60.2049 0 70.7769 
0 0 50.1124 0 0 0 0 0 0 0 0 
0 0 0 0 40.9406 0 60.2049 0 0 50.8725 0 
0 0 0 0 0 30.9229 0 0 50.8725 0 0 
0 0 0 0 0 0 70.7769 0 0 0 0 
