0 0 0 0 0 0 0 0 0 0 0 
0 0 10.7273 20.3117 0 0 0 0 0 0 0 
0 10.7273 0 30.1682 90.3659 0 40.9381 50.0654 0 0 0 
0 20.3117 30.1682 0 10.9051 20.7589 80.1922 0 0 0 0 
0 0 90.3659 10.9051 0 0 60.2379 0 40.4129 0 0 
0 0 0 20.7589 0 0 0 0 0 30.4033 0 
0 0 40.9381 80.1922 60.2379 0 0 0 60.6796 0 70.988 
0 0 50.0654 0 0 0 0 0 0 0 0 
0 0 0 0 40.4129 0 60.6796 0 0 50.2926 0 
0 0 0 0 0 30.4033 0 0 50.2926 0 0 
0 0 0 0 0 0 70.988 0 0 0 0 
