0 0 0 0 0 0 0 0 0 0 0 
0 0 10.0219 20.6864 0 0 0 0 0 0 0 
0 10.0219 0 30.5025 90.6516 0 40.222 50.3132 0 0 0 
0 20.6864 30.5025 0 10.1946 20.8547 80.8546 0 0 0 0 
0 0 90.6516 10.1946 0 0 60.9542 0 40.3736 0 0 
0 0 0 20.8547 0 0 0 0 0 30.2328 0 
0 0 40.222 80.8546 60.9542 0 0 0 60.2845 0 70.1772 
0 0 50.3132 0 0 0 0 0 0 0 0 
0 0 0 0 40.3736 0 60.2845 0 0 50.8093 0 
0 0 0 0 0 30.2328 0 0 50.8093 0 0 
0 0 0 0 0 0 70.1772 0 0 0 0 
