0 0 0 0 0 0 0 0 0 0 0 
0 0 10.584 20.8108 0 0 0 0 0 0 0 
0 10.584 0 30.752 90.3435 0 40.326 50.6306 0 0 0 
0 20.8108 30.752 0 10.0137 20.0836 80.987 0 0 0 0 
0 0 90.3435 10.0137 0 0 60.62 0 40.8454 0 0 
0 0 0 20.0836 0 0 0 0 0 30.6567 0 
0 0 40.326 80.987 60.62 0 0 0 60.0659 0 70.2036 
0 0 50.6306 0 0 0 0 0 0 0 0 
0 0 0 0 40.8454 0 60.0659 0 0 50.1617 0 
0 0 0 0 0 30.6567 0 0 50.1617 0 0 
0 0 0 0 0 0 70.2036 0 0 0 0 
