0 0 0 0 0 0 0 0 0 0 0 
0 0 10.2265 20.8445 0 0 0 0 0 0 0 
0 10.2265 0 30.3398 90.3811 0 40.0905 50.5843 0 0 0 
0 20.8445 30.3398 0 10.3409 20.5373 80.3972 0 0 0 0 
0 0 90.3811 10.3409 0 0 60.0051 0 40.0954 0 0 
0 0 0 20.5373 0 0 0 0 0 30.6672 0 
0 0 40.0905 80.3972 60.0051 0 0 0 60.4087 0 70.626 
0 0 50.5843 0 0 0 0 0 0 0 0 
0 0 0 0 40.0954 0 60.4087 0 0 50.9947 0 
0 0 0 0 0 30.6672 0 0 50.9947 0 0 
0 0 0 0 0 0 70.626 0 0 0 0 
