0 0 0 0 0 0 0 0 0 0 0 
0 0 10.1988 20.2449 0 0 0 0 0 0 0 
0 10.1988 0 30.754 90.3776 0 40.7675 50.7498 0 0 0 
0 20.2449 30.754 0 10.2614 20.0083 80.0402 0 0 0 0 
0 0 90.3776 10.2614 0 0 60.9537 0 40.5295 0 0 
0 0 0 20.0083 0 0 0 0 0 30.7013 0 
0 0 40.7675 80.0402 60.9537 0 0 0 60.2779 0 70.4415 
0 0 50.7498 0 0 0 0 0 0 0 0 
0 0 0 0 40.5295 0 60.2779 0 0 50.4151 0 
0 0 0 0 0 30.7013 0 0 50.4151 0 0 
0 0 0 0 0 0 70.4415 0 0 0 0 
