0 0 0 0 0 0 0 0 0 0 0 
0 0 10.9369 20.0799 0 0 0 0 0 0 0 
0 10.9369 0 30.2447 90.6761 0 40.9727 50.3332 0 0 0 
0 20.0799 30.2447 0 10.1438 20.3895 80.2951 0 0 0 0 
0 0 90.6761 10.1438 0 0 60.7637 0 40.9547 0 0 
0 0 0 20.3895 0 0 0 0 0 30.6138 0 
0 0 40.9727 80.2951 60.7637 0 0 0 60.8881 0 70.455 
0 0 50.3332 0 0 0 0 0 0 0 0 
0 0 0 0 40.9547 0 60.8881 0 0 50.2658 0 
0 0 0 0 0 30.6138 0 0 50.2658 0 0 
0 0 0 0 0 0 70.455 0 0 0 0 
