0 0 0 0 0 0 0 0 0 0 0 
0 0 10.7504 20.3749 0 0 0 0 0 0 0 
0 10.7504 0 30.8525 90.3424 0 40.2125 50.2698 0 0 0 
0 20.3749 30.8525 0 10.3794 20.5063 80.9684 0 0 0 0 
0 0 90.3424 10.3794 0 0 60.1115 0 40.543 0 0 
0 0 0 20.5063 0 0 0 0 0 30.7635 0 
0 0 40.2125 80.9684 60.1115 0 0 0 60.6664 0 70.4946 
0 0 50.2698 0 0 0 0 0 0 0 0 
0 0 0 0 40.543 0 60.6664 0 0 50.7493 0 
0 0 0 0 0 30.7635 0 0 50.7493 0 0 
0 0 0 0 0 0 70.4946 0 0 0 0 
