0 0 0 0 0 0 0 0 0 0 0 
0 0 10.4022 20.116 0 0 0 0 0 0 0 
0 10.4022 0 30.6852 90.8205 0 40.6573 50.9572 0 0 0 
0 20.116 30.6852 0 10.4348 20.8729 80.9881 0 0 0 0 
0 0 90.8205 10.4348 0 0 60.8516 0 40.0467 0 0 
0 0 0 20.8729 0 0 0 0 0 30.282 0 
0 0 40.6573 80.9881 60.8516 0 0 0 60.8246 0 70.6595 
0 0 50.9572 0 0 0 0 0 0 0 0 
0 0 0 0 40.0467 0 60.8246 0 0 50.3851 0 
0 0 0 0 0 30.282 0 0 50.3851 0 0 
0 0 0 0 0 0 70.6595 0 0 0 0 
