0 0 0 0 0 0 0 0 0 0 0 
0 0 10.6135 20.5933 0 0 0 0 0 0 0 
0 10.6135 0 30.8931 90.09 0 40.1949 50.395 0 0 0 
0 20.5933 30.8931 0 10.9908 20.8568 80.867 0 0 0 0 
0 0 90.09 10.9908 0 0 60.5322 0 40.4577 0 0 
0 0 0 20.8568 0 0 0 0 0 30.7913 0 
0 0 40.1949 80.867 60.5322 0 0 0 60.2293 0 70.4293 
0 0 50.395 0 0 0 0 0 0 0 0 
0 0 0 0 40.4577 0 60.2293 0 0 50.2184 0 
0 0 0 0 0 30.7913 0 0 50.2184 0 0 
0 0 0 0 0 0 70.4293 0 0 0 0 
