0 0 0 0 0 0 0 0 0 0 0 
0 0 10.6557 20.4767 0 0 0 0 0 0 0 
0 10.6557 0 30.3966 90.1457 0 40.3684 50.1741 0 0 0 
0 20.4767 30.3966 0 10.437 20.3579 80.7666 0 0 0 0 
0 0 90.1457 10.437 0 0 60.4544 0 40.3058 0 0 
0 0 0 20.3579 0 0 0 0 0 30.4049 0 
0 0 40.3684 80.7666 60.4544 0 0 0 60.2547 0 70.3122 
0 0 50.1741 0 0 0 0 0 0 0 0 
0 0 0 0 40.3058 0 60.2547 0 0 50.7143 0 
0 0 0 0 0 30.4049 0 0 50.7143 0 0 
0 0 0 0 0 0 70.3122 0 0 0 0 
