0 0 0 0 0 0 0 0 0 0 0 
0 0 10.4977 20.5953 0 0 0 0 0 0 0 
0 10.4977 0 30.2045 90.9324 0 40.7659 50.369 0 0 0 
0 20.5953 30.2045 0 10.034 20.7806 80.0239 0 0 0 0 
0 0 90.9324 10.034 0 0 60.0912 0 40.3389 0 0 
0 0 0 20.7806 0 0 0 0 0 30.2686 0 
0 0 40.7659 80.0239 60.0912 0 0 0 60.4717 0 70.413 
0 0 50.369 0 0 0 0 0 0 0 0 
0 0 0 0 40.3389 0 60.4717 0 0 50.8954 0 
0 0 0 0 0 30.2686 0 0 50.8954 0 0 
0 0 0 0 0 0 70.413 0 0 0 0 
