0 0 0 0 0 0 0 0 0 0 0 
0 0 10.1955 20.0241 0 0 0 0 0 0 0 
0 10.1955 0 30.6496 90.7831 0 40.5336 50.6089 0 0 0 
0 20.0241 30.6496 0 10.2577 20.0183 80.8536 0 0 0 0 
0 0 90.7831 10.2577 0 0 60.3685 0 40.0387 0 0 
0 0 0 20.0183 0 0 0 0 0 30.1082 0 
0 0 40.5336 80.8536 60.3685 0 0 0 60.8444 0 70.7065 
0 0 50.6089 0 0 0 0 0 0 0 0 
0 0 0 0 40.0387 0 60.8444 0 0 50.2736 0 
0 0 0 0 0 30.1082 0 0 50.2736 0 0 
0 0 0 0 0 0 70.7065 0 0 0 0 
