0 0 0 0 0 0 0 0 0 0 0 
0 0 10.0698 20.8468 0 0 0 0 0 0 0 
0 10.0698 0 30.501 90.0734 0 40.6235 50.6808 0 0 0 
0 20.8468 30.501 0 10.9228 20.0071 80.5009 0 0 0 0 
0 0 90.0734 10.9228 0 0 60.5073 0 40.5785 0 0 
0 0 0 20.0071 0 0 0 0 0 30.0195 0 
0 0 40.6235 80.5009 60.5073 0 0 0 60.449 0 70.7193 
0 0 50.6808 0 0 0 0 0 0 0 0 
0 0 0 0 40.5785 0 60.449 0 0 50.4072 0 
0 0 0 0 0 30.0195 0 0 50.4072 0 0 
0 0 0 0 0 0 70.7193 0 0 0 0 
