0 0 0 0 0 0 0 0 0 0 0 
0 0 10.7134 20.3924 0 0 0 0 0 0 0 
0 10.7134 0 30.5119 90.3561 0 40.5065 50.6158 0 0 0 
0 20.3924 30.5119 0 10.5558 20.7533 80.4334 0 0 0 0 
0 0 90.3561 10.5558 0 0 60.2938 0 40.1163 0 0 
0 0 0 20.7533 0 0 0 0 0 30.4525 0 
0 0 40.5065 80.4334 60.2938 0 0 0 60.0931 0 70.7171 
0 0 50.6158 0 0 0 0 0 0 0 0 
0 0 0 0 40.1163 0 60.0931 0 0 50.4724 0 
0 0 0 0 0 30.4525 0 0 50.4724 0 0 
0 0 0 0 0 0 70.7171 0 0 0 0 
