0 0 0 0 0 0 0 0 0 0 0 
0 0 10.3954 20.0303 0 0 0 0 0 0 0 
0 10.3954 0 30.2868 90.1674 0 40.1538 50.4616 0 0 0 
0 20.0303 30.2868 0 10.5069 20.2041 80.1107 0 0 0 0 
0 0 90.1674 10.5069 0 0 60.1174 0 40.8356 0 0 
0 0 0 20.2041 0 0 0 0 0 30.768 0 
0 0 40.1538 80.1107 60.1174 0 0 0 60.5174 0 70.505 
0 0 50.4616 0 0 0 0 0 0 0 0 
0 0 0 0 40.8356 0 60.5174 0 0 50.0384 0 
0 0 0 0 0 30.768 0 0 50.0384 0 0 
0 0 0 0 0 0 70.505 0 0 0 0 
