0 0 0 0 0 0 0 0 0 0 0 
0 0 10.0444 20.5635 0 0 0 0 0 0 0 
0 10.0444 0 30.9621 90.8178 0 40.7314 50.922 0 0 0 
0 20.5635 30.9621 0 10.1103 20.9108 80.5375 0 0 0 0 
0 0 90.8178 10.1103 0 0 60.9478 0 40.8064 0 0 
0 0 0 20.9108 0 0 0 0 0 30.1734 0 
0 0 40.7314 80.5375 60.9478 0 0 0 60.7987 0 70.7856 
0 0 50.922 0 0 0 0 0 0 0 0 
0 0 0 0 40.8064 0 60.7987 0 0 50.5609 0 
0 0 0 0 0 30.1734 0 0 50.5609 0 0 
0 0 0 0 0 0 70.7856 0 0 0 0 
