0 0 0 0 0 0 0 0 0 0 0 
0 0 10.0363 20.0079 0 0 0 0 0 0 0 
0 10.0363 0 30.4886 90.0382 0 40.5096 50.6969 0 0 0 
0 20.0079 30.4886 0 10.6762 20.3321 80.7574 0 0 0 0 
0 0 90.0382 10.6762 0 0 60.4492 0 40.2301 0 0 
0 0 0 20.3321 0 0 0 0 0 30.5126 0 
0 0 40.5096 80.7574 60.4492 0 0 0 60.4973 0 70.1758 
0 0 50.6969 0 0 0 0 0 0 0 0 
0 0 0 0 40.2301 0 60.4973 0 0 50.4025 0 
0 0 0 0 0 30.5126 0 0 50.4025 0 0 
0 0 0 0 0 0 70.1758 0 0 0 0 
