0 0 0 0 0 0 0 0 0 0 0 
0 0 100.8603 200.0573 0 0 0 0 0 0 0 
0 100.8603 0 300.9382 900.4369 0 400.6481 500.4992 0 0 0 
0 200.0573 300.9382 0 100.8481 200.3917 800.9462 0 0 0 0 
0 0 900.4369 100.8481 0 0 600.2365 0 400.5791 0 0 
0 0 0 200.3917 0 0 0 0 0 300.5714 0 
0 0 400.6481 800.9462 600.2365 0 0 0 600.8045 0 700.5815 
0 0 500.4992 0 0 0 0 0 0 0 0 
0 0 0 0 400.5791 0 600.8045 0 0 500.4331 0 
0 0 0 0 0 300.5714 0 0 500.4331 0 0 
0 0 0 0 0 0 700.5815 0 0 0 0 
