0 0 0 0 0 0 0 0 0 0 0 
0 0 100.9347 200.8425 0 0 0 0 0 0 0 
0 100.9347 0 300.3216 900.27 0 400.0825 500.8404 0 0 0 
0 200.8425 300.3216 0 100.0337 200.6297 800.7887 0 0 0 0 
0 0 900.27 100.0337 0 0 600.0937 0 400.4706 0 0 
0 0 0 200.6297 0 0 0 0 0 300.8096 0 
0 0 400.0825 800.7887 600.0937 0 0 0 600.091 0 700.4961 
0 0 500.8404 0 0 0 0 0 0 0 0 
0 0 0 0 400.4706 0 600.091 0 0 500.7017 0 
0 0 0 0 0 300.8096 0 0 500.7017 0 0 
0 0 0 0 0 0 700.4961 0 0 0 0 
