0 0 0 0 0 0 0 0 0 0 0 
0 0 100.7006 200.4876 0 0 0 0 0 0 0 
0 100.7006 0 300.3985 900.3242 0 400.0523 500.445 0 0 0 
0 200.4876 300.3985 0 100.5964 200.8311 800.7425 0 0 0 0 
0 0 900.3242 100.5964 0 0 600.9719 0 400.4693 0 0 
0 0 0 200.8311 0 0 0 0 0 300.8564 0 
0 0 400.0523 800.7425 600.9719 0 0 0 600.7129 0 700.482 
0 0 500.445 0 0 0 0 0 0 0 0 
0 0 0 0 400.4693 0 600.7129 0 0 500.1355 0 
0 0 0 0 0 300.8564 0 0 500.1355 0 0 
0 0 0 0 0 0 700.482 0 0 0 0 
