0 0 0 0 0 0 0 0 0 0 0 
0 0 100.4719 200.8811 0 0 0 0 0 0 0 
0 100.4719 0 300.5113 900.828 0 400.1371 500.1813 0 0 0 
0 200.8811 300.5113 0 100.038 200.7058 800.1414 0 0 0 0 
0 0 900.828 100.038 0 0 600.933 0 400.7075 0 0 
0 0 0 200.7058 0 0 0 0 0 300.8355 0 
0 0 400.1371 800.1414 600.933 0 0 0 600.4424 0 700.1107 
0 0 500.1813 0 0 0 0 0 0 0 0 
0 0 0 0 400.7075 0 600.4424 0 0 500.0417 0 
0 0 0 0 0 300.8355 0 0 500.0417 0 0 
0 0 0 0 0 0 700.1107 0 0 0 0 
