0 0 0 0 0 0 0 0 0 0 0 
0 0 100.2081 200.6889 0 0 0 0 0 0 0 
0 100.2081 0 300.1122 900.0206 0 400.3487 500.5759 0 0 0 
0 200.6889 300.1122 0 100.991 200.7672 800.7162 0 0 0 0 
0 0 900.0206 100.991 0 0 600.5172 0 400.5771 0 0 
0 0 0 200.7672 0 0 0 0 0 300.6048 0 
0 0 400.3487 800.7162 600.5172 0 0 0 600.9561 0 700.3434 
0 0 500.5759 0 0 0 0 0 0 0 0 
0 0 0 0 400.5771 0 600.9561 0 0 500.2008 0 
0 0 0 0 0 300.6048 0 0 500.2008 0 0 
0 0 0 0 0 0 700.3434 0 0 0 0 
