0 0 0 0 0 0 0 0 0 0 0 
0 0 100.1679 200.5537 0 0 0 0 0 0 0 
0 100.1679 0 300.5171 900.3036 0 400.9695 500.8595 0 0 0 
0 200.5537 300.5171 0 100.5362 200.798 800.7611 0 0 0 0 
0 0 900.3036 100.5362 0 0 600.7178 0 400.7445 0 0 
0 0 0 200.798 0 0 0 0 0 300.0684 0 
0 0 400.9695 800.7611 600.7178 0 0 0 600.8833 0 700.5471 
0 0 500.8595 0 0 0 0 0 0 0 0 
0 0 0 0 400.7445 0 600.8833 0 0 500.8342 0 
0 0 0 0 0 300.0684 0 0 500.8342 0 0 
0 0 0 0 0 0 700.5471 0 0 0 0 
