0 0 0 0 0 0 0 0 0 0 0 
0 0 100.1726 200.0711 0 0 0 0 0 0 0 
0 100.1726 0 300.2334 900.9623 0 400.5656 500.3309 0 0 0 
0 200.0711 300.2334 0 100.6727 200.8668 800.1103 0 0 0 0 
0 0 900.9623 100.6727 0 0 600.2106 0 400.2775 0 0 
0 0 0 200.8668 0 0 0 0 0 300.6895 0 
0 0 400.5656 800.1103 600.2106 0 0 0 600.9668 0 700.9886 
0 0 500.3309 0 0 0 0 0 0 0 0 
0 0 0 0 400.2775 0 600.9668 0 0 500.3948 0 
0 0 0 0 0 300.6895 0 0 500.3948 0 0 
0 0 0 0 0 0 700.9886 0 0 0 0 
