0 0 0 0 0 0 0 0 0 0 0 
0 0 100.9846 200.4267 0 0 0 0 0 0 0 
0 100.9846 0 300.8907 900.2809 0 400.5717 500.1665 0 0 0 
0 200.4267 300.8907 0 100.294 200.0299 800.7965 0 0 0 0 
0 0 900.2809 100.294 0 0 600.5663 0 400.4798 0 0 
0 0 0 200.0299 0 0 0 0 0 300.9394 0 
0 0 400.5717 800.7965 600.5663 0 0 0 600.2788 0 700.7827 
0 0 500.1665 0 0 0 0 0 0 0 0 
0 0 0 0 400.4798 0 600.2788 0 0 500.3062 0 
0 0 0 0 0 300.9394 0 0 500.3062 0 0 
0 0 0 0 0 0 700.7827 0 0 0 0 
