0 0 0 0 0 0 0 0 0 0 0 
0 0 100.8013 200.3621 0 0 0 0 0 0 0 
0 100.8013 0 300.7577 900.7502 0 400.2842 500.0918 0 0 0 
0 200.3621 300.7577 0 100.8673 200.6136 800.4198 0 0 0 0 
0 0 900.7502 100.8673 0 0 600.1897 0 400.2733 0 0 
0 0 0 200.6136 0 0 0 0 0 300.8595 0 
0 0 400.2842 800.4198 600.1897 0 0 0 600.9318 0 700.4626 
0 0 500.0918 0 0 0 0 0 0 0 0 
0 0 0 0 400.2733 0 600.9318 0 0 500.2275 0 
0 0 0 0 0 300.8595 0 0 500.2275 0 0 
0 0 0 0 0 0 700.4626 0 0 0 0 
