0 0 0 0 0 0 0 0 0 0 0 
0 0 100.9686 200.9829 0 0 0 0 0 0 0 
0 100.9686 0 300.8239 900.8986 0 400.1857 500.1521 0 0 0 
0 200.9829 300.8239 0 100.5904 200.5979 800.0768 0 0 0 0 
0 0 900.8986 100.5904 0 0 600.908 0 400.071 0 0 
0 0 0 200.5979 0 0 0 0 0 300.7505 0 
0 0 400.1857 800.0768 600.908 0 0 0 600.9694 0 700.867 
0 0 500.1521 0 0 0 0 0 0 0 0 
0 0 0 0 400.071 0 600.9694 0 0 500.2926 0 
0 0 0 0 0 300.7505 0 0 500.2926 0 0 
0 0 0 0 0 0 700.867 0 0 0 0 
