0 0 0 0 0 0 0 0 0 0 0 
0 0 100.2162 200.5816 0 0 0 0 0 0 0 
0 100.2162 0 300.2724 900.8194 0 400.679 500.5948 0 0 0 
0 200.5816 300.2724 0 100.4875 200.8812 800.7975 0 0 0 0 
0 0 900.8194 100.4875 0 0 600.5611 0 400.8104 0 0 
0 0 0 200.8812 0 0 0 0 0 300.0002 0 
0 0 400.679 800.7975 600.5611 0 0 0 600.4199 0 700.5914 
0 0 500.5948 0 0 0 0 0 0 0 0 
0 0 0 0 400.8104 0 600.4199 0 0 500.5645 0 
0 0 0 0 0 300.0002 0 0 500.5645 0 0 
0 0 0 0 0 0 700.5914 0 0 0 0 
