0 0 0 0 0 0 0 0 0 0 0 
0 0 100.3549 200.55 0 0 0 0 0 0 0 
0 100.3549 0 300.1502 900.2755 0 400.8726 500.0853 0 0 0 
0 200.55 300.1502 0 100.8558 200.8582 800.8342 0 0 0 0 
0 0 900.2755 100.8558 0 0 600.0883 0 400.4786 0 0 
0 0 0 200.8582 0 0 0 0 0 300.3757 0 
0 0 400.8726 800.8342 600.0883 0 0 0 600.8438 0 700.7246 
0 0 500.0853 0 0 0 0 0 0 0 0 
0 0 0 0 400.4786 0 600.8438 0 0 500.5613 0 
0 0 0 0 0 300.3757 0 0 500.5613 0 0 
0 0 0 0 0 0 700.7246 0 0 0 0 
