0 0 0 0 0 0 0 0 0 0 0 
0 0 100.9967 200.2391 0 0 0 0 0 0 0 
0 100.9967 0 300.4478 900.0167 0 400.9447 500.7848 0 0 0 
0 200.2391 300.4478 0 100.925 200.4112 800.1278 0 0 0 0 
0 0 900.0167 100.925 0 0 600.5353 0 400.6191 0 0 
0 0 0 200.4112 0 0 0 0 0 300.7137 0 
0 0 400.9447 800.1278 600.5353 0 0 0 600.5282 0 700.1062 
0 0 500.7848 0 0 0 0 0 0 0 0 
0 0 0 0 400.6191 0 600.5282 0 0 500.883 0 
0 0 0 0 0 300.7137 0 0 500.883 0 0 
0 0 0 0 0 0 700.1062 0 0 0 0 
