0 0 0 0 0 0 0 0 0 0 0 
0 0 100.7597 200.5823 0 0 0 0 0 0 0 
0 100.7597 0 300.7736 900.7481 0 400.3074 500.4494 0 0 0 
0 200.5823 300.7736 0 100.4684 200.1612 800.6262 0 0 0 0 
0 0 900.7481 100.4684 0 0 600.5502 0 400.5002 0 0 
0 0 0 200.1612 0 0 0 0 0 300.9505 0 
0 0 400.3074 800.6262 600.5502 0 0 0 600.3786 0 700.957 
0 0 500.4494 0 0 0 0 0 0 0 0 
0 0 0 0 400.5002 0 600.3786 0 0 500.8704 0 
0 0 0 0 0 300.9505 0 0 500.8704 0 0 
0 0 0 0 0 0 700.957 0 0 0 0 
