0 0 0 0 0 0 0 0 0 0 0 
0 0 100.6105 200.359 0 0 0 0 0 0 0 
0 100.6105 0 300.5167 900.1589 0 400.145 500.1676 0 0 0 
0 200.359 300.5167 0 100.4699 200.6228 800.6845 0 0 0 0 
0 0 900.1589 100.4699 0 0 600.9827 0 400.0427 0 0 
0 0 0 200.6228 0 0 0 0 0 300.5779 0 
0 0 400.145 800.6845 600.9827 0 0 0 600.9185 0 700.8319 
0 0 500.1676 0 0 0 0 0 0 0 0 
0 0 0 0 400.0427 0 600.9185 0 0 500.0944 0 
0 0 0 0 0 300.5779 0 0 500.0944 0 0 
0 0 0 0 0 0 700.8319 0 0 0 0 
