0 0 0 0 0 0 0 0 0 0 0 
0 0 100.0935 200.9704 0 0 0 0 0 0 0 
0 100.0935 0 300.6325 900.2885 0 400.3027 500.2241 0 0 0 
0 200.9704 300.6325 0 100.4207 200.8251 800.1473 0 0 0 0 
0 0 900.2885 100.4207 0 0 600.3089 0 400.1489 0 0 
0 0 0 200.8251 0 0 0 0 0 300.3513 0 
0 0 400.3027 800.1473 600.3089 0 0 0 600.4207 0 700.0319 
0 0 500.2241 0 0 0 0 0 0 0 0 
0 0 0 0 400.1489 0 600.4207 0 0 500.4219 0 
0 0 0 0 0 300.3513 0 0 500.4219 0 0 
0 0 0 0 0 0 700.0319 0 0 0 0 
