0 0 0 0 0 0 0 0 0 0 0 
0 0 100.4026 200.8128 0 0 0 0 0 0 0 
0 100.4026 0 300.8508 900.1205 0 400.9281 500.3499 0 0 0 
0 200.8128 300.8508 0 100.3573 200.2309 800.133 0 0 0 0 
0 0 900.1205 100.3573 0 0 600.9062 0 400.2924 0 0 
0 0 0 200.2309 0 0 0 0 0 300.716 0 
0 0 400.9281 800.133 600.9062 0 0 0 600.5408 0 700.0249 
0 0 500.3499 0 0 0 0 0 0 0 0 
0 0 0 0 400.2924 0 600.5408 0 0 500.1246 0 
0 0 0 0 0 300.716 0 0 500.1246 0 0 
0 0 0 0 0 0 700.0249 0 0 0 0 
