0 0 0 0 0 0 0 0 0 0 0 
0 0 100.8027 200.9404 0 0 0 0 0 0 0 
0 100.8027 0 300.5181 900.497 0 400.3468 500.7449 0 0 0 
0 200.9404 300.5181 0 100.882 200.3381 800.1288 0 0 0 0 
0 0 900.497 100.882 0 0 600.4522 0 400.2905 0 0 
0 0 0 200.3381 0 0 0 0 0 300.3882 0 
0 0 400.3468 800.1288 600.4522 0 0 0 600.2119 0 700.471 
0 0 500.7449 0 0 0 0 0 0 0 0 
0 0 0 0 400.2905 0 600.2119 0 0 500.3299 0 
0 0 0 0 0 300.3882 0 0 500.3299 0 0 
0 0 0 0 0 0 700.471 0 0 0 0 
