0 0 0 0 0 0 0 0 0 0 0 
0 0 100.1781 200.196 0 0 0 0 0 0 0 
0 100.1781 0 300.7554 900.1238 0 400.5672 500.6238 0 0 0 
0 200.196 300.7554 0 100.945 200.7536 800.4465 0 0 0 0 
0 0 900.1238 100.945 0 0 600.5843 0 400.3521 0 0 
0 0 0 200.7536 0 0 0 0 0 300.2007 0 
0 0 400.5672 800.4465 600.5843 0 0 0 600.7454 0 700.0272 
0 0 500.6238 0 0 0 0 0 0 0 0 
0 0 0 0 400.3521 0 600.7454 0 0 500.3639 0 
0 0 0 0 0 300.2007 0 0 500.3639 0 0 
0 0 0 0 0 0 700.0272 0 0 0 0 
