0 0 0 0 0 0 0 0 0 0 0 
0 0 100.7399 200.5449 0 0 0 0 0 0 0 
0 100.7399 0 300.375 900.4019 0 400.5811 500.904 0 0 0 
0 200.5449 300.375 0 100.9735 200.0189 800.107 0 0 0 0 
0 0 900.4019 100.9735 0 0 600.1195 0 400.0473 0 0 
0 0 0 200.0189 0 0 0 0 0 300.1798 0 
0 0 400.5811 800.107 600.1195 0 0 0 600.9949 0 700.5997 
0 0 500.904 0 0 0 0 0 0 0 0 
0 0 0 0 400.0473 0 600.9949 0 0 500.5618 0 
0 0 0 0 0 300.1798 0 0 500.5618 0 0 
0 0 0 0 0 0 700.5997 0 0 0 0 
