0 0 0 0 0 0 0 0 0 0 0 
0 0 101.0 200.5887 0 0 0 0 0 0 0 
0 101.0 0 300.6543 900.4161 0 400.3546 500.8146 0 0 0 
0 200.5887 300.6543 0 100.375 200.6193 800.6436 0 0 0 0 
0 0 900.4161 100.375 0 0 600.8221 0 400.907 0 0 
0 0 0 200.6193 0 0 0 0 0 300.8341 0 
0 0 400.3546 800.6436 600.8221 0 0 0 600.3385 0 700.2863 
0 0 500.8146 0 0 0 0 0 0 0 0 
0 0 0 0 400.907 0 600.3385 0 0 500.8693 0 
0 0 0 0 0 300.8341 0 0 500.8693 0 0 
0 0 0 0 0 0 700.2863 0 0 0 0 
