0 0 0 0 0 0 0 0 0 0 0 
0 0 100.5937 200.5533 0 0 0 0 0 0 0 
0 100.5937 0 300.0778 900.4772 0 400.1434 500.6453 0 0 0 
0 200.5533 300.0778 0 100.9583 200.0412 800.6227 0 0 0 0 
0 0 900.4772 100.9583 0 0 600.7683 0 400.1609 0 0 
0 0 0 200.0412 0 0 0 0 0 300.8236 0 
0 0 400.1434 800.6227 600.7683 0 0 0 600.6046 0 700.3304 
0 0 500.6453 0 0 0 0 0 0 0 0 
0 0 0 0 400.1609 0 600.6046 0 0 500.7186 0 
0 0 0 0 0 300.8236 0 0 500.7186 0 0 
0 0 0 0 0 0 700.3304 0 0 0 0 
