0 0 0 0 0 0 0 0 0 0 0 
0 0 100.0054 200.7468 0 0 0 0 0 0 0 
0 100.0054 0 300.4714 900.8738 0 400.1257 500.2767 0 0 0 
0 200.7468 300.4714 0 100.1201 200.9904 800.4673 0 0 0 0 
0 0 900.8738 100.1201 0 0 600.246 0 400.9796 0 0 
0 0 0 200.9904 0 0 0 0 0 300.214 0 
0 0 400.1257 800.4673 600.246 0 0 0 600.8105 0 700.6201 
0 0 500.2767 0 0 0 0 0 0 0 0 
0 0 0 0 400.9796 0 600.8105 0 0 500.397 0 
0 0 0 0 0 300.214 0 0 500.397 0 0 
0 0 0 0 0 0 700.6201 0 0 0 0 
