0 0 0 0 0 0 0 0 0 0 0 
0 0 100.2219 200.2421 0 0 0 0 0 0 0 
0 100.2219 0 300.5414 900.7347 0 400.6151 500.9856 0 0 0 
0 200.2421 300.5414 0 100.5418 200.1273 800.0125 0 0 0 0 
0 0 900.7347 100.5418 0 0 600.568 0 400.3337 0 0 
0 0 0 200.1273 0 0 0 0 0 300.7653 0 
0 0 400.6151 800.0125 600.568 0 0 0 600.1121 0 700.3119 
0 0 500.9856 0 0 0 0 0 0 0 0 
0 0 0 0 400.3337 0 600.1121 0 0 500.1188 0 
0 0 0 0 0 300.7653 0 0 500.1188 0 0 
0 0 0 0 0 0 700.3119 0 0 0 0 
