0 0 0 0 0 0 0 0 0 0 0 
0 0 100.5063 200.9417 0 0 0 0 0 0 0 
0 100.5063 0 300.4386 900.3149 0 400.6753 500.7116 0 0 0 
0 200.9417 300.4386 0 100.3928 200.386 800.1733 0 0 0 0 
0 0 900.3149 100.3928 0 0 600.9998 0 400.1359 0 0 
0 0 0 200.386 0 0 0 0 0 300.8982 0 
0 0 400.6753 800.1733 600.9998 0 0 0 600.7239 0 700.2862 
0 0 500.7116 0 0 0 0 0 0 0 0 
0 0 0 0 400.1359 0 600.7239 0 0 500.9757 0 
0 0 0 0 0 300.8982 0 0 500.9757 0 0 
0 0 0 0 0 0 700.2862 0 0 0 0 
