0 0 0 0 0 0 0 0 0 0 0 
0 0 100.9521 200.4805 0 0 0 0 0 0 0 
0 100.9521 0 300.7656 900.6756 0 400.38 500.4092 0 0 0 
0 200.4805 300.7656 0 100.0271 200.4322 800.0846 0 0 0 0 
0 0 900.6756 100.0271 0 0 600.0387 0 400.8231 0 0 
0 0 0 200.4322 0 0 0 0 0 300.3263 0 
0 0 400.38 800.0846 600.0387 0 0 0 600.4979 0 700.8824 
0 0 500.4092 0 0 0 0 0 0 0 0 
0 0 0 0 400.8231 0 600.4979 0 0 500.1521 0 
0 0 0 0 0 300.3263 0 0 500.1521 0 0 
0 0 0 0 0 0 700.8824 0 0 0 0 
