0 0 0 0 0 0 0 0 0 0 0 
0 0 100.0734 200.1182 0 0 0 0 0 0 0 
0 100.0734 0 300.2696 900.5811 0 400.9686 500.2077 0 0 0 
0 200.1182 300.2696 0 100.3414 200.6626 800.0575 0 0 0 0 
0 0 900.5811 100.3414 0 0 600.139 0 400.7564 0 0 
0 0 0 200.6626 0 0 0 0 0 300.038 0 
0 0 400.9686 800.0575 600.139 0 0 0 600.7871 0 700.1766 
0 0 500.2077 0 0 0 0 0 0 0 0 
0 0 0 0 400.7564 0 600.7871 0 0 500.6022 0 
0 0 0 0 0 300.038 0 0 500.6022 0 0 
0 0 0 0 0 0 700.1766 0 0 0 0 
