0 0 0 0 0 0 0 0 0 0 0 
0 0 100.921 200.7452 0 0 0 0 0 0 0 
0 100.921 0 300.6653 900.9429 0 400.1833 500.5981 0 0 0 
0 200.7452 300.6653 0 100.5681 200.0019 800.942 0 0 0 0 
0 0 900.9429 100.5681 0 0 600.6577 0 400.3613 0 0 
0 0 0 200.0019 0 0 0 0 0 300.9099 0 
0 0 400.1833 800.942 600.6577 0 0 0 600.9651 0 700.6704 
0 0 500.5981 0 0 0 0 0 0 0 0 
0 0 0 0 400.3613 0 600.9651 0 0 500.048 0 
0 0 0 0 0 300.9099 0 0 500.048 0 0 
0 0 0 0 0 0 700.6704 0 0 0 0 
