0 0 0 0 0 0 0 0 0 0 0 
0 0 100.9785 200.373 0 0 0 0 0 0 0 
0 100.9785 0 300.6384 900.4789 0 400.363 500.7692 0 0 0 
0 200.373 300.6384 0 100.123 200.3911 800.8128 0 0 0 0 
0 0 900.4789 100.123 0 0 600.6747 0 400.7242 0 0 
0 0 0 200.3911 0 0 0 0 0 300.8396 0 
0 0 400.363 800.8128 600.6747 0 0 0 600.0179 0 700.8655 
0 0 500.7692 0 0 0 0 0 0 0 0 
0 0 0 0 400.7242 0 600.0179 0 0 500.9142 0 
0 0 0 0 0 300.8396 0 0 500.9142 0 0 
0 0 0 0 0 0 700.8655 0 0 0 0 
