0 0 0 0 0 0 0 0 0 0 0 
0 0 100.8634 200.9675 0 0 0 0 0 0 0 
0 100.8634 0 300.9246 900.1187 0 400.9706 500.5102 0 0 0 
0 200.9675 300.9246 0 100.3435 200.6521 800.9465 0 0 0 0 
0 0 900.1187 100.3435 0 0 600.6263 0 400.435 0 0 
0 0 0 200.6521 0 0 0 0 0 300.8616 0 
0 0 400.9706 800.9465 600.6263 0 0 0 600.9357 0 700.7629 
0 0 500.5102 0 0 0 0 0 0 0 0 
0 0 0 0 400.435 0 600.9357 0 0 500.1757 0 
0 0 0 0 0 300.8616 0 0 500.1757 0 0 
0 0 0 0 0 0 700.7629 0 0 0 0 
