0 0 0 0 0 0 0 0 0 0 0 
0 0 100.3657 200.2357 0 0 0 0 0 0 0 
0 100.3657 0 300.9975 900.5894 0 400.7621 500.9053 0 0 0 
0 200.2357 300.9975 0 100.9458 200.7365 800.6453 0 0 0 0 
0 0 900.5894 100.9458 0 0 600.0719 0 400.342 0 0 
0 0 0 200.7365 0 0 0 0 0 300.5848 0 
0 0 400.7621 800.6453 600.0719 0 0 0 600.0672 0 700.9525 
0 0 500.9053 0 0 0 0 0 0 0 0 
0 0 0 0 400.342 0 600.0672 0 0 500.6141 0 
0 0 0 0 0 300.5848 0 0 500.6141 0 0 
0 0 0 0 0 0 700.9525 0 0 0 0 
