0 0 0 0 0 0 0 0 0 0 0 
0 0 100.3487 200.2391 0 0 0 0 0 0 0 
0 100.3487 0 300.7754 900.4381 0 400.3701 500.5876 0 0 0 
0 200.2391 300.7754 0 100.6671 200.1406 800.196 0 0 0 0 
0 0 900.4381 100.6671 0 0 600.0194 0 400.6048 0 0 
0 0 0 200.1406 0 0 0 0 0 300.8419 0 
0 0 400.3701 800.196 600.0194 0 0 0 600.3425 0 700.9725 
0 0 500.5876 0 0 0 0 0 0 0 0 
0 0 0 0 400.6048 0 600.3425 0 0 500.9133 0 
0 0 0 0 0 300.8419 0 0 500.9133 0 0 
0 0 0 0 0 0 700.9725 0 0 0 0 
