0 0 0 0 0 0 0 0 0 0 0 
0 0 100.45 200.1504 0 0 0 0 0 0 0 
0 100.45 0 300.987 900.6363 0 400.4414 500.0214 0 0 0 
0 200.1504 300.987 0 100.7979 200.1489 800.7915 0 0 0 0 
0 0 900.6363 100.7979 0 0 600.3155 0 400.1554 0 0 
0 0 0 200.1489 0 0 0 0 0 300.3465 0 
0 0 400.4414 800.7915 600.3155 0 0 0 600.5174 0 700.7817 
0 0 500.0214 0 0 0 0 0 0 0 0 
0 0 0 0 400.1554 0 600.5174 0 0 500.3807 0 
0 0 0 0 0 300.3465 0 0 500.3807 0 0 
0 0 0 0 0 0 700.7817 0 0 0 0 
