0 0 0 0 0 0 0 0 0 0 0 
0 0 100.0444 200.5088 0 0 0 0 0 0 0 
0 100.0444 0 300.044 900.5432 0 400.453 500.8193 0 0 0 
0 200.5088 300.044 0 100.1478 200.0765 800.5197 0 0 0 0 
0 0 900.5432 100.1478 0 0 600.0698 0 400.337 0 0 
0 0 0 200.0765 0 0 0 0 0 300.3153 0 
0 0 400.453 800.5197 600.0698 0 0 0 600.5627 0 700.0936 
0 0 500.8193 0 0 0 0 0 0 0 0 
0 0 0 0 400.337 0 600.5627 0 0 500.0172 0 
0 0 0 0 0 300.3153 0 0 500.0172 0 0 
0 0 0 0 0 0 700.0936 0 0 0 0 
