0 0 0 0 0 0 0 0 0 0 0 
0 0 100.2546 200.3422 0 0 0 0 0 0 0 
0 100.2546 0 300.2614 900.611 0 400.4654 500.3546 0 0 0 
0 200.3422 300.2614 0 100.4102 200.0165 800.9258 0 0 0 0 
0 0 900.611 100.4102 0 0 600.2885 0 400.4819 0 0 
0 0 0 200.0165 0 0 0 0 0 300.7447 0 
0 0 400.4654 800.9258 600.2885 0 0 0 600.551 0 700.1922 
0 0 500.3546 0 0 0 0 0 0 0 0 
0 0 0 0 400.4819 0 600.551 0 0 500.3986 0 
0 0 0 0 0 300.7447 0 0 500.3986 0 0 
0 0 0 0 0 0 700.1922 0 0 0 0 
