0 0 0 0 0 0 0 0 0 0 0 
0 0 100.7314 200.4979 0 0 0 0 0 0 0 
0 100.7314 0 300.2588 900.1613 0 400.3527 500.2658 0 0 0 
0 200.4979 300.2588 0 100.2637 200.768 800.1003 0 0 0 0 
0 0 900.1613 100.2637 0 0 600.99 0 400.6821 0 0 
0 0 0 200.768 0 0 0 0 0 300.1523 0 
0 0 400.3527 800.1003 600.99 0 0 0 600.7923 0 700.2338 
0 0 500.2658 0 0 0 0 0 0 0 0 
0 0 0 0 400.6821 0 600.7923 0 0 500.7294 0 
0 0 0 0 0 300.1523 0 0 500.7294 0 0 
0 0 0 0 0 0 700.2338 0 0 0 0 
