0 0 0 0 0 0 0 0 0 0 0 
0 0 100.8341 200.1414 0 0 0 0 0 0 0 
0 100.8341 0 300.0387 900.9565 0 400.6172 500.6778 0 0 0 
0 200.1414 300.0387 0 100.4728 200.2028 800.2358 0 0 0 0 
0 0 900.9565 100.4728 0 0 600.5642 0 400.6679 0 0 
0 0 0 200.2028 0 0 0 0 0 300.0509 0 
0 0 400.6172 800.2358 600.5642 0 0 0 600.2948 0 700.2763 
0 0 500.6778 0 0 0 0 0 0 0 0 
0 0 0 0 400.6679 0 600.2948 0 0 500.3061 0 
0 0 0 0 0 300.0509 0 0 500.3061 0 0 
0 0 0 0 0 0 700.2763 0 0 0 0 
