0 0 0 0 0 0 0 0 0 0 0 
0 0 100.6222 200.8289 0 0 0 0 0 0 0 
0 100.6222 0 300.9836 900.1679 0 400.788 500.9006 0 0 0 
0 200.8289 300.9836 0 100.2734 200.6996 800.6198 0 0 0 0 
0 0 900.1679 100.2734 0 0 600.114 0 400.8189 0 0 
0 0 0 200.6996 0 0 0 0 0 300.8116 0 
0 0 400.788 800.6198 600.114 0 0 0 600.1885 0 700.4952 
0 0 500.9006 0 0 0 0 0 0 0 0 
0 0 0 0 400.8189 0 600.1885 0 0 500.2659 0 
0 0 0 0 0 300.8116 0 0 500.2659 0 0 
0 0 0 0 0 0 700.4952 0 0 0 0 
