0 0 0 0 0 0 0 0 0 0 0 
0 0 100.2685 200.895 0 0 0 0 0 0 0 
0 100.2685 0 300.0232 900.5653 0 400.62 500.7225 0 0 0 
0 200.895 300.0232 0 100.8971 200.0493 800.3792 0 0 0 0 
0 0 900.5653 100.8971 0 0 600.2729 0 400.2373 0 0 
0 0 0 200.0493 0 0 0 0 0 300.0174 0 
0 0 400.62 800.3792 600.2729 0 0 0 600.7301 0 700.1195 
0 0 500.7225 0 0 0 0 0 0 0 0 
0 0 0 0 400.2373 0 600.7301 0 0 500.4141 0 
0 0 0 0 0 300.0174 0 0 500.4141 0 0 
0 0 0 0 0 0 700.1195 0 0 0 0 
