0 0 0 0 0 0 0 0 0 0 0 
0 0 100.3111 200.1479 0 0 0 0 0 0 0 
0 100.3111 0 300.0654 900.4522 0 400.9889 500.7796 0 0 0 
0 200.1479 300.0654 0 100.0463 200.7673 800.718 0 0 0 0 
0 0 900.4522 100.0463 0 0 600.0786 0 400.512 0 0 
0 0 0 200.7673 0 0 0 0 0 300.0372 0 
0 0 400.9889 800.718 600.0786 0 0 0 600.1077 0 700.4896 
0 0 500.7796 0 0 0 0 0 0 0 0 
0 0 0 0 400.512 0 600.1077 0 0 500.4206 0 
0 0 0 0 0 300.0372 0 0 500.4206 0 0 
0 0 0 0 0 0 700.4896 0 0 0 0 
