0 0 0 0 0 0 0 0 0 0 0 
0 0 100.9692 200.0266 0 0 0 0 0 0 0 
0 100.9692 0 300.9712 900.578 0 400.6475 500.6281 0 0 0 
0 200.0266 300.9712 0 100.8638 200.0784 800.9092 0 0 0 0 
0 0 900.578 100.8638 0 0 600.9356 0 400.2495 0 0 
0 0 0 200.0784 0 0 0 0 0 300.212 0 
0 0 400.6475 800.9092 600.9356 0 0 0 600.2974 0 700.6273 
0 0 500.6281 0 0 0 0 0 0 0 0 
0 0 0 0 400.2495 0 600.2974 0 0 500.3066 0 
0 0 0 0 0 300.212 0 0 500.3066 0 0 
0 0 0 0 0 0 700.6273 0 0 0 0 
